X,Y,cluster,0,1,2,3,4,5,6,7,8,9,10,11,12,13,14,15,16,17,18,19,20,21,22,23,24,25,26,27,28,29,30,31,32,33,34,35,36,37,38,39,40,41,42,43,44,45,46,47,48,49
0.14338567762187404,0.337174417534176,1,0.0,2.1116963925730365,1.1441187799184502,0.2544107245138008,1.057546545538794,2.123711685723415,1.1199062273847902,1.1634048158758847,0.09553220765939571,0.19727807575099054,1.0655403247134128,0.0980202708117408,1.0576717640208115,2.095208062595618,1.2989163993087873,2.0549488666597884,1.0249487749359043,0.1655863277009682,0.16555264000286166,1.1459769089818757,1.1614626175911786,1.0877003274730122,1.0773936902124084,1.3442407144608364,2.136356686922455,1.2443840384441507,1.330631767574529,0.1427766518290995,0.1104932829386132,1.1796754791478024,1.2829187820975763,2.0676443302625884,1.0354969858098013,2.1491155373694038,1.107139841361302,1.0389949879468625,1.0502180605950404,1.0467528477800436,2.0563137496788038,2.0573483030622715,1.1119574726302437,2.0872962136634157,0.33035223897419763,1.1265485084495257,1.3969866052720232,0.3589210590325379,1.187684078126855,1.1601192659499893,0.30838925378596216,2.1609864764063462
0.7985462850404982,0.16389362548602115,3,2.1116963925730365,0.0,1.296930236968877,2.0660973347918135,1.2908390013922009,0.0477750671164381,1.413065688332846,1.2861579800043454,2.1070960081211196,2.056944143678815,1.2909476332722247,2.1412447793835714,1.2779486581838377,0.07872826772202679,3.024449512514521,0.26450503337576486,1.3204199291963385,2.090823443648684,2.0706837793949378,1.333320764238167,1.3301042974631154,1.151599500734888,1.1806094211243379,3.110679569340764,0.09983648665789202,3.0314404200576455,3.038308597147005,2.070305909862004,2.0792957639724317,1.4667454057701022,3.02974131837259,0.1643459161903986,1.337138262706768,0.11488299390675641,1.2900349460204585,1.1943643884975224,1.2241934199707047,1.2297646091763899,0.345180601723276,0.2144337958246653,3.030559839425241,0.1799824885509706,2.0528946449150536,1.396884142176285,3.0787532912085545,2.050650293693333,3.055855115898204,3.038964878267216,2.1316182781337165,0.15063489664365576
0.3461016910191058,0.8547785138031455,2,1.1441187799184502,1.296930236968877,0.0,1.2404471527140586,0.2502130548932881,1.3278614599118264,0.28821387424912337,0.061571169460543716,1.1011527126882001,1.1540278726351738,0.22138650688019756,1.129967155401681,0.23465402416579662,1.2965927261589814,2.1174562835140307,1.2751507953888512,0.47143434446705523,1.0810332345049394,1.1104770092453637,0.06789060109062128,0.051394202282873745,0.2573473433052886,0.21417949808160272,2.047601117763702,1.303532323136612,2.0752682546655086,2.1115522966058897,1.146413854985463,1.1515110354153881,0.2872012488777873,2.097686024688741,1.2552418226614228,0.44095609823775445,1.367959188771521,0.09116143122297654,0.2833461593019282,0.23540181176996666,0.24660187273791045,1.317972034056431,1.250304527248655,2.03928487420992,1.325852091153012,1.2681842631528788,0.23591280871815626,2.0997542913510863,1.2831138317410427,2.027324167546767,2.0364623228496077,1.320460033116646,1.345335771867304
0.2816923356193579,0.12364201928696839,1,0.2544107245138008,2.0660973347918135,1.2404471527140586,0.0,1.1503628752495656,2.0725206614388103,1.2468401443382258,1.2544410354065136,0.31273667459923704,0.16321492006602606,1.159591139080228,0.3505757993711657,1.1470716343282765,2.0497246275803653,1.266491053093818,2.0175410659879165,1.1088345099765768,0.32981929605671223,0.25110641334017386,1.2533670999708104,1.2667842599512753,1.1325604225538168,1.1346313664230863,1.4059361781256063,2.0908260432479144,1.2380247973915743,1.3119293037917885,0.17437582288882486,0.17329074041823284,1.3191189204637455,1.2642108341877523,2.0311029858567258,1.1285219152601598,2.0914252264836533,1.2029858379680354,1.0978430539454112,1.1218833249892102,1.11975862549747,2.014149719349495,2.0229790053917127,1.1242808396535797,2.0377579072098557,0.07928082551916697,1.250643401505489,1.4120882496516136,0.10680076198812334,1.225140380825367,1.1802401281446617,0.2267452396027421,2.1088618693722196
0.16657218189679823,0.680492174139548,2,1.057546545538794,1.2908390013922009,0.2502130548932881,1.1503628752495656,0.0,1.3202919666802915,0.18780226658736435,0.30550730172032686,1.0331129405032375,1.0902115005749384,0.02900063897957196,1.04143454801244,0.02498707488944186,1.275606056253647,2.155408087047899,1.221900997590199,0.2212999540169497,1.0299966641525038,1.055111438998711,0.2302232665905854,0.2692380461229087,0.2993701501774538,0.2337953867809505,2.10981571033483,1.3160651831812913,2.110892830801671,2.1593496652000614,1.0767130852575197,1.0753152301375788,0.29263644014515455,2.1371665268200366,1.2236044412203555,0.19211169768389078,1.3661870084755054,0.15907053103374838,0.16317896004644328,0.11411069764085116,0.10139244289180463,1.247575626095123,1.209832681878029,2.048644963585211,1.2853561842824954,1.1825171027880095,0.18326748205636087,2.1662046275678644,1.1973894564237444,2.058617604461148,2.059461555745146,1.1928244149824543,1.3620543293602023
0.8251457112208667,0.12420826842758848,3,2.123711685723415,0.0477750671164381,1.3278614599118264,2.0725206614388103,1.3202919666802915,0.0,1.4462366449261428,1.3166251146481012,2.1201688356869113,2.065734768080298,1.320691339167184,2.1552197419562913,1.3071186819979326,0.09471038560898874,3.028076340778125,0.2824740439823765,1.3475414584760905,2.1036426370681873,2.081568582345217,1.365372808172263,1.3620752457317318,1.1760038702744597,1.2065547382775201,3.121795828843643,0.10831138634381975,3.0371560314877963,3.0429428469045483,2.080058612488198,2.089368843843117,1.5016912206657373,3.0344622409286277,0.19275691886616048,1.3654495718593174,0.07246315323296262,1.32058974931601,1.2200289742855763,1.251484726103109,1.2571324321417587,0.354248399863244,0.24080751651931792,3.0376770464058027,0.17984403239334174,2.0576110360121453,1.4300457811457148,3.086091355712603,2.0547061172812375,3.0647996391995345,3.0466381618442573,2.1388465517572994,0.13692313585047686
0.05862548268311041,0.8341710648962849,2,1.1199062273847902,1.413065688332846,0.28821387424912337,1.2468401443382258,0.18780226658736435,1.4462366449261428,0.0,0.34885054394923687,1.0893170161784183,1.175982903111555,0.18247314603406528,1.0882224488475534,0.20480509704300562,1.398245861020213,2.2139632106051623,1.3385820164328148,0.31675881321022525,1.0893561224176969,1.1281348076136164,0.22863153690704852,0.27166484994852064,0.45347746193766747,0.38753921666944385,2.126506634057546,1.4371405000342004,2.1589939794194675,2.2124096118547314,1.156189772880058,1.1521923576306137,0.1270605721305911,2.190220955632935,1.340009900361409,0.2685873704672224,1.4958279282317544,0.22496616902498182,0.3478493797407581,0.2923778840225389,0.28398831530294133,1.366808843233679,1.3245449371886764,2.0897207985576034,1.4107911336751393,1.2876760627830435,0.05556315264942865,2.2041854574731525,1.3054713594958098,2.0889676015340264,2.0972509527504246,1.278844372614756,1.4870314010741204
0.40554502765133615,0.8708252779244983,2,1.1634048158758847,1.2861579800043454,0.061571169460543716,1.2544410354065136,0.30550730172032686,1.3166251146481012,0.34885054394923687,0.0,1.1176177878724454,1.1643637476758866,0.27715159381835996,1.1521881771611002,0.28792768895496157,1.289454024400722,2.1038433782586616,1.2770068715083358,0.5256451412102194,1.0933154406385301,1.1212907997498067,0.12306208054089852,0.08844659782083046,0.25258600575837636,0.22398412419894906,2.035300967215906,1.2882275385900113,2.064088146610976,2.0964752031063365,1.159181243096851,1.1661321169231904,0.33867091571219765,2.084676744624491,1.2520584438564555,0.49740135704039895,1.3543983480321282,0.14833328689151898,0.3152639670779531,0.27461487648321214,0.2881936493564229,1.3231986126664494,1.2495884334823575,2.035699946094962,1.322833896347036,1.2795863829055836,0.2957867275345535,2.0826850208439254,1.2939588059003972,2.0202871966056164,2.030160078743497,1.343957684436959,1.3280389897505287
0.18756510443312657,0.4218773156363489,1,0.09553220765939571,2.1070960081211196,1.1011527126882001,0.31273667459923704,1.0331129405032375,2.1201688356869113,1.0893170161784183,1.1176177878724454,0.0,0.20311014083992324,1.0386924627897585,0.11597164748851155,1.032357229703977,2.0936083530941687,1.2627784993617617,2.0587657877397483,1.0198235347372078,0.08049228942283905,0.12681596587048916,1.1037411592555482,1.1166651338389295,1.0561930501419041,1.0463886674330414,1.2850401746288385,2.1280011677659068,1.2050845383500177,1.2883053293650877,0.1549632584622649,0.14101652567247744,1.140625309799846,1.2439173543663038,2.0668991170393425,1.0265280326320998,2.145250582950862,1.0703894791978776,1.0173085439047935,1.025159532008828,1.0228105501452056,2.064602008053456,2.0580610743300563,1.0828325989400405,2.090344119843558,0.3807310582535841,1.0924607135188693,1.342686848026638,0.409038392904132,1.1440151434192825,1.1227905299053886,0.40169299464539004,2.1525889378272476
0.3318760184218672,0.27895044826793647,1,0.19727807575099054,2.056944143678815,1.1540278726351738,0.16321492006602606,1.0902115005749384,2.065734768080298,1.175982903111555,1.1643637476758866,0.20311014083992324,0.0,1.095948368945405,0.2881939001890607,1.0859034750268866,2.04517306580589,1.200677663096792,2.0202653408020406,1.076918600452169,0.18748084946831708,0.09850267287525136,1.1673724972883093,1.1773264556578975,1.0657649310807187,1.0676161893054643,1.2988602099678352,2.075899752420947,1.1646446680268674,1.2356355686175549,0.05462371444848821,0.08835692531796141,1.235885357028678,1.1926325323863114,2.0266889173190497,1.090342263464782,2.0850136411534486,1.1253021381867703,1.0440968103046495,1.0623202264969958,1.0616925226745955,2.0244190972251213,2.0205226372472183,1.0637582508641978,2.0409208365379112,0.20447049833074477,1.1750869746963901,1.3155129404838317,0.22974823650192366,1.1415302148805606,1.107118258864609,0.3549065682638744,2.0947358075952254
0.18519102696936107,0.7027267343867706,2,1.0655403247134128,1.2909476332722247,0.22138650688019756,1.159591139080228,0.02900063897957196,1.320691339167184,0.18247314603406528,0.27715159381835996,1.0386924627897585,1.095948368945405,0.0,1.0493623576352853,0.025230757584750286,1.2773971292343127,2.1505090596831713,1.2272331424077347,0.2502439302903924,1.0335901085830175,1.0595259878698995,0.2016895779558376,0.24034424373681895,0.28637686167225296,0.21994540817732133,2.101501300161783,1.314094433269938,2.106048285514449,2.15326553948849,1.0830102267845194,1.0823456027163942,0.2780921750411915,2.1319927000234054,1.2264082022021523,0.22025179889247,1.3660754061726892,0.13022566497215016,0.16554407093874546,0.11031267181150976,0.10157376014353643,1.255035493475501,1.2136052662430987,2.046586916357176,1.2894756226923545,1.1914303762552094,0.169626434583793,2.1578106312409124,1.2063912025491947,2.0539253091383975,2.055821800979667,1.2065647815223506,1.3597663920203014
0.07280072454154474,0.40518719492677124,1,0.0980202708117408,2.1412447793835714,1.129967155401681,0.3505757993711657,1.04143454801244,2.1552197419562913,1.0882224488475534,1.1521881771611002,0.11597164748851155,0.2881939001890607,1.0493623576352853,0.0,1.0433907801206896,2.1239868547818532,1.3367367206768022,2.0791505499072978,1.0083854760080788,0.1949722924763662,0.23419273268815055,1.1264161394730061,1.1433484494690693,1.0947263336652617,1.0789727125597575,1.3476478091824828,2.1667642233711986,1.273001109594418,1.3641176045438212,0.23388603584792997,0.20525304171917916,1.1434351497736082,1.3160810191477825,2.0926408382036397,1.0155017704126201,2.1832561589645008,1.0921036250915348,1.0380694087473064,1.044180859590345,1.039868183168413,2.081279992520325,2.0811085599578103,1.1319957365237814,2.1165404921888795,0.42751560393746185,1.0970930660440141,1.4187849713838605,0.456000939530134,1.1995948967545265,1.1782400538775346,0.3680497178126477,2.1940039838740124
0.1914618189863745,0.6782876612500947,2,1.0576717640208115,1.2779486581838377,0.23465402416579662,1.1470716343282765,0.02498707488944186,1.3071186819979326,0.20480509704300562,0.28792768895496157,1.032357229703977,1.0859034750268866,0.025230757584750286,1.0433907801206896,0.0,1.2638333233965786,2.146283252359221,1.213353340706334,0.2377210301069696,1.0275070848194479,1.0514978280369747,0.22072403327963586,0.257562866870677,0.2745203847210921,0.20885144349510212,2.103211336651496,1.3018707016904603,2.1030386431361805,2.150053596089759,1.07357743416198,1.073001719181227,0.303090988243999,2.1285015042599107,1.213346878612774,0.21183288769179637,1.3521739583276136,0.14419095598083637,0.14328595346291678,0.09104311221286443,0.07994296776499701,1.2401570203287027,1.2004653992160497,2.0435338201768203,1.2748324926215304,1.177904716621916,0.19438848334621045,2.1570765684378865,1.1924621288951784,2.0529403454839645,2.053645214939078,1.1938680051090445,1.3471274890331562
0.7304355375105017,0.12440861302032469,3,2.095208062595618,0.07872826772202679,1.2965927261589814,2.0497246275803653,1.275606056253647,0.09471038560898874,1.398245861020213,1.289454024400722,2.0936083530941687,2.04517306580589,1.2773971292343127,2.1239868547818532,1.2638333233965786,0.0,3.0335257381632155,0.18891250508078958,1.2926498613453008,2.0802528169692187,2.0599140542179484,1.3304787165268752,1.3298974912649426,1.1500900359250072,1.1762719560478165,3.121355343151051,0.17856221588576948,3.038959915336324,3.0491253035240464,2.0572828501970486,2.0650431731437946,1.4568200120306123,3.038619196610094,0.10006322692109311,1.3109950240881103,0.16443821634899336,1.2842645683092873,1.181669593736871,1.212354842737478,1.2168304257921614,0.26662551183099803,0.1465640746363781,3.031682661084903,0.10403754397684158,2.0375594517543285,1.38502016492308,3.0924023058759644,2.0353602172084417,3.060874502433686,3.042785018254259,2.1073743479118727,0.22560206464262397
0.9530026197724718,0.5152312044759287,0,1.2989163993087873,3.024449512514521,2.1174562835140307,1.266491053093818,2.155408087047899,3.028076340778125,2.2139632106051623,2.1038433782586616,1.2627784993617617,1.200677663096792,2.1505090596831713,1.3367367206768022,2.146283252359221,3.0335257381632155,0.0,3.0574958040654265,2.2096669704052836,1.217200148436153,1.2000505429937895,2.1404935644857455,2.1321887407534015,2.0626041381228934,2.0797683684965333,0.5065177925309855,3.015777604624774,0.14260395615469437,0.09817013538862016,1.2244145241617672,1.245476333125296,2.227521810586097,0.06992610710823302,3.038516535827321,2.2121420672864334,3.029451558789544,2.128419943074075,2.107174294341799,2.1166689718429725,2.122060950651881,3.0774777298580904,3.04526747156183,0.3670680669287235,3.050452152237293,1.2508392424538337,2.1967453201906246,0.3165607438643753,1.251937276407823,0.3677861882051857,0.3183746319512239,1.4158279748639364,3.018082807680654
0.544881013105154,0.08894802858345208,3,2.0549488666597884,0.26450503337576486,1.2751507953888512,2.0175410659879165,1.221900997590199,0.2824740439823765,1.3385820164328148,1.2770068715083358,2.0587657877397483,2.0202653408020406,1.2272331424077347,2.0791505499072978,1.213353340706334,0.18891250508078958,3.0574958040654265,0.0,1.2118929293316065,2.05244714469832,2.034374299324443,1.3012542715774533,1.3068334529715746,1.137418111579899,1.154546054732898,3.1388670510244254,0.36210228499083225,3.056787573210941,3.0755578015268537,2.028178332037591,2.0326721344569934,1.4054863139748028,3.0607214826025584,0.11023142877587186,1.2322305140512362,0.3480062276243037,1.2510441885016914,1.1408474464007095,1.170719094015293,1.1724374727801061,0.09722284259064705,0.06764816682022197,3.033592476799672,0.12720958512548577,2.01009432816113,1.3325144961442026,3.121412059085875,2.008895502656182,3.0689248583459445,3.049900028144434,2.0557747000875772,0.41414423374092524
0.013535277450687278,0.5206379420233604,2,1.0249487749359043,1.3204199291963385,0.47143434446705523,1.1088345099765768,0.2212999540169497,1.3475414584760905,0.31675881321022525,0.5256451412102194,1.0198235347372078,1.076918600452169,0.2502439302903924,1.0083854760080788,0.2377210301069696,1.2926498613453008,2.2096669704052836,1.2118929293316065,0.0,1.0325964494382762,1.051888735228284,0.44842290825766346,0.4892154802186655,0.45895375592007215,0.404642862460152,2.1865577782903602,1.360825164151843,2.164131352941349,2.2220623208007386,1.0587403592923732,1.0513130745061652,0.44380774705104403,2.193146713278892,1.2332038556685967,0.04969205132504726,1.3969727433598111,0.38033600709048954,0.28440028538625917,0.27952178146226314,0.26140229492194944,1.2205173152859081,1.212038660489236,2.080545717426347,1.284516542750026,1.143701464690851,0.34792744608115994,2.2449511183907203,1.1578472900401477,2.109570368082495,2.1030509830490227,1.1122955744495602,1.408879559329597
0.2618539016315583,0.4528641397288623,1,0.1655863277009682,2.090823443648684,1.0810332345049394,0.32981929605671223,1.0299966641525038,2.1036426370681873,1.0893561224176969,1.0933154406385301,0.08049228942283905,0.18748084946831708,1.0335901085830175,0.1949722924763662,1.0275070848194479,2.0802528169692187,1.217200148436153,2.05244714469832,1.0325964494382762,0.0,0.09011361447730772,1.0873056977729312,1.0971691765752276,1.0338792187698849,1.0277157634542642,1.2397834963067658,2.1081188978374814,1.162485135856726,1.2398166348684752,0.15599027583652572,0.16086554041476853,1.1359356104215725,1.198697539737858,2.0564041530985473,1.038043631193824,2.1269377176920865,1.0562046741239601,1.0080850258350227,1.015959493651816,1.0150298480942062,2.0614790040426705,2.049461272417849,1.0547847497614014,2.0805350103329348,0.38687470796656737,1.0883986426621477,1.290536158372636,0.41373268791769124,1.1078498907485785,1.08855954106032,0.4569858122227128,2.1311602697865917
0.3048639606523459,0.37367703006325315,1,0.16555264000286166,2.0706837793949378,1.1104770092453637,0.25110641334017386,1.055111438998711,2.081568582345217,1.1281348076136164,1.1212907997498067,0.12681596587048916,0.09850267287525136,1.0595259878698995,0.23419273268815055,1.0514978280369747,2.0599140542179484,1.2000505429937895,2.034374299324443,1.051888735228284,0.09011361447730772,0.0,1.1207505342629447,1.13029573973703,1.0426323684378842,1.040843092078023,1.2594709471585686,2.0883120820772065,1.1545493433080556,1.2282585303943978,0.07943089345363064,0.1007432064809606,1.1808818263939147,1.1865577082634937,2.0389642901033604,1.061109790779628,2.102745226843433,1.0843994069784166,1.0204518572501915,1.0334320453785366,1.032828065584407,2.041514273324481,2.032630332116106,1.0517205987220368,2.058507328590075,0.30140189595345773,1.1266968522171865,1.2927261511236061,0.3274183388537078,1.11591105568824,1.0894416623427194,0.40919333533190194,2.109173353275685
0.2827709570891802,0.8792397455044078,2,1.1459769089818757,1.333320764238167,0.06789060109062128,1.2533670999708104,0.2302232665905854,1.365372808172263,0.22863153690704852,0.12306208054089852,1.1037411592555482,1.1673724972883093,0.2016895779558376,1.1264161394730061,0.22072403327963586,1.3304787165268752,2.1404935644857455,1.3012542715774533,0.44842290825766346,1.0873056977729312,1.1207505342629447,0.0,0.04461487587444425,0.3108330018961122,0.25926032240725205,2.060084803131895,1.3428660286015976,2.094292057091161,2.1342958029239076,1.1566445480221221,1.159836930574571,0.2193118187386571,2.119059947259484,1.2849544303544205,0.41269548822710866,1.4078985477717212,0.0869446974495355,0.3028207638192099,0.24752081809173757,0.2544102740069608,1.3421372695773806,1.2778683724857476,2.0516551746434493,1.357353547955025,1.2848397515869017,0.17429404224016862,2.1203118845565285,1.3007942954417984,2.0395287740400407,2.049888499870598,1.3242050039904683,1.3868948232355136
0.32213350557523335,0.9002415769953798,2,1.1614626175911786,1.3301042974631154,0.051394202282873745,1.2667842599512753,0.2692380461229087,1.3620752457317318,0.27166484994852064,0.08844659782083046,1.1166651338389295,1.1773264556578975,0.24034424373681895,1.1433484494690693,0.257562866870677,1.3298974912649426,2.1321887407534015,1.3068334529715746,0.4892154802186655,1.0971691765752276,1.13029573973703,0.04461487587444425,0.0,0.3087292272916449,0.26437655195359305,2.0502441848641606,1.3363470304836425,2.0871682275744265,2.1245711253309247,1.1680730765780634,1.1725366568605997,0.25054928413814315,2.110871441259445,1.2868203225903885,0.4547738161323765,1.403194621698262,0.1159467154897388,0.32503464763552076,0.2732281584015107,0.28232929464030243,1.3503917332799376,1.281424052025749,2.049811521550166,1.3599466804700053,1.296825528191718,0.21674645463141043,2.108193789610965,1.3125456787776857,2.0344520692006287,2.0458043228702194,1.344420362665819,1.3792280897574412
0.4606247833107334,0.6243178524349775,2,1.0877003274730122,1.151599500734888,0.2573473433052886,1.1325604225538168,0.2993701501774538,1.1760038702744597,0.45347746193766747,0.25258600575837636,1.0561930501419041,1.0657649310807187,0.28637686167225296,1.0947263336652617,0.2745203847210921,1.1500900359250072,2.0626041381228934,1.137418111579899,0.45895375592007215,1.0338792187698849,1.0426323684378842,0.3108330018961122,0.3087292272916449,0.0,0.06664093857648096,2.055049796365809,1.1606878197000552,2.0352170648993124,2.0657975549200063,1.067169677761695,1.0753956190680862,0.5082154750705379,2.050975985423557,1.1190833433939547,0.4545541996083637,1.2097881128824728,0.24694017819546832,0.17488759533590365,0.1908894734772095,0.2081570261305671,1.1748009067813205,1.116616054190964,2.005855177442503,1.1737738924779932,1.1469409145202263,0.41947581216226665,2.0778545074202284,1.157121567164792,2.01175731743478,2.009423910169992,1.2230021907570656,1.195759479953046
0.3979518263613985,0.6469698978521383,2,1.0773936902124084,1.1806094211243379,0.21417949808160272,1.1346313664230863,0.2337953867809505,1.2065547382775201,0.38753921666944385,0.22398412419894906,1.0463886674330414,1.0676161893054643,0.21994540817732133,1.0789727125597575,0.20885144349510212,1.1762719560478165,2.0797683684965333,1.154546054732898,0.404642862460152,1.0277157634542642,1.040843092078023,0.25926032240725205,0.26437655195359305,0.06664093857648096,0.0,2.061423527902915,1.1930219832374946,2.0481430287532705,2.082643862679463,1.06560806657318,1.0718471605122666,0.4468369960898645,2.06637335945342,1.1401494868866053,0.3961616469401649,1.2433955255496336,0.18741931547502583,0.12689020612407212,0.12892540597802477,0.14688495512465793,1.1900518387285424,1.1351938124669598,2.0118727038124127,1.197478766061456,1.1533481038458804,0.35500742983832356,2.0924483400354776,1.1647850687093897,2.0176650065505966,2.0165453001730347,1.2157617209318388,1.2309395852541496
0.7650944864796114,0.9856042559923343,0,1.3442407144608364,3.110679569340764,2.047601117763702,1.4059361781256063,2.10981571033483,3.121795828843643,2.126506634057546,2.035300967215906,1.2850401746288385,1.2988602099678352,2.101501300161783,1.3476478091824828,2.103211336651496,3.121355343151051,0.5065177925309855,3.1388670510244254,2.1865577782903602,1.2397834963067658,1.2594709471585686,2.060084803131895,2.0502441848641606,2.055049796365809,2.061423527902915,0.0,3.099714295226931,0.3944604710414479,0.43135774732839466,1.3066864503267028,1.3231361656007008,2.1146578345646656,0.4390319184491226,3.116117502909069,2.1780296100380836,3.131111106597609,2.0671196685548026,2.095415422304302,2.0905078328800353,2.095621358840621,3.1670634498284325,3.121186199849952,0.482613128903693,3.145823247053378,1.416559363466597,2.1085522451391396,0.2694087407807103,1.4275198157243127,0.28242531277647553,0.3748906799086402,1.542671187677199,3.1102516218381626
0.8843758133442757,0.21488986200738125,3,2.136356686922455,0.09983648665789202,1.303532323136612,2.0908260432479144,1.3160651831812913,0.10831138634381975,1.4371405000342004,1.2882275385900113,2.1280011677659068,2.075899752420947,1.314094433269938,2.1667642233711986,1.3018707016904603,0.17856221588576948,3.015777604624774,0.36210228499083225,1.360825164151843,2.1081188978374814,2.0883120820772065,1.3428660286015976,1.3363470304836425,1.1606878197000552,1.1930219832374946,3.099714295226931,0.0,3.0247004127742985,3.027377585530879,2.09077730076308,2.101276454356439,1.484491145215612,3.021292723942083,0.2573576796166282,1.3754819461953502,0.11703073980082082,1.3035065762743852,1.2170749473165177,1.2456389001372137,1.2525289881738986,0.4448326069340855,0.307709787776853,3.03192478532896,0.2786559659616997,2.076396247385323,1.4173711376932228,3.064099522146985,2.074114925422894,3.0522031262446143,3.03688323163561,2.1659625171153105,0.06980339987829816
0.8366559266187275,0.5976892865731886,0,1.2443840384441507,3.0314404200576455,2.0752682546655086,1.2380247973915743,2.110892830801671,3.0371560314877963,2.1589939794194675,2.064088146610976,1.2050845383500177,1.1646446680268674,2.106048285514449,1.273001109594418,2.1030386431361805,3.038959915336324,0.14260395615469437,3.056787573210941,2.164131352941349,1.162485135856726,1.1545493433080556,2.094292057091161,2.0871682275744265,2.0352170648993124,2.0481430287532705,0.3944604710414479,3.0247004127742985,0.0,0.14155938642294566,1.1827535397788822,1.201405822987769,2.169207647882044,0.07965466523021626,3.039498074462696,2.1645462112199882,3.0418214206413294,2.085216040232135,2.0728437264935082,2.0790387523083376,2.0837703296459753,3.076868566964374,3.044620130772422,0.2572709899971536,3.0554878677986075,1.231215593932673,2.1433377374866627,0.2758385575651156,1.2354134225500863,0.2251839140514941,0.1840600369544485,1.3779582534373946,3.0302323102567272
0.9776564845830487,0.610255214242523,0,1.330631767574529,3.038308597147005,2.1115522966058897,1.3119293037917885,2.1593496652000614,3.0429428469045483,2.2124096118547314,2.0964752031063365,1.2883053293650877,1.2356355686175549,2.15326553948849,1.3641176045438212,2.150053596089759,3.0491253035240464,0.09817013538862016,3.0755578015268537,2.2220623208007386,1.2398166348684752,1.2282585303943978,2.1342958029239076,2.1245711253309247,2.0657975549200063,2.082643862679463,0.43135774732839466,3.027377585530879,0.14155938642294566,0.0,1.258276666427478,1.279853921449863,2.2203923039406024,0.07603302658420853,3.053973464961658,2.2224545105766933,3.0445767857392125,2.126109915439874,2.114411745409198,2.1216516110506918,2.127474641428679,3.0983268518663514,3.061389970884657,0.39782552087720885,3.068979949474387,1.2992110170076203,2.1937038954736803,0.22002893918939084,1.301718139073262,0.34574523835385484,0.32311872115820733,1.465777048822029,3.0300843685151775
0.28068719996705604,0.29801494525449146,1,0.1427766518290995,2.070305909862004,1.146413854985463,0.17437582288882486,1.0767130852575197,2.080058612488198,1.156189772880058,1.159181243096851,0.1549632584622649,0.05462371444848821,1.0830102267845194,0.23388603584792997,1.07357743416198,2.0572828501970486,1.2244145241617672,2.028178332037591,1.0587403592923732,0.15599027583652572,0.07943089345363064,1.1566445480221221,1.1680730765780634,1.067169677761695,1.06560806657318,1.3066864503267028,2.09077730076308,1.1827535397788822,1.258276666427478,0.0,0.036414019522925126,1.2159464042498849,1.2139110653218044,2.036231850189224,1.0713091390987255,2.1010905506243702,1.1155126763109593,1.0381379990688357,1.0543712629559197,1.0529907119451056,2.0316970300197372,2.0289382710590975,1.0727513057140459,2.0521428941476527,0.23202116383426868,1.15721998013775,1.3339490497631656,0.25948505979606035,1.1496901663262515,1.1173600421439196,0.33401624458116114,2.111281510050106
0.2446309193890306,0.29292324134571235,1,0.1104932829386132,2.0792957639724317,1.1515110354153881,0.17329074041823284,1.0753152301375788,2.089368843843117,1.1521923576306137,1.1661321169231904,0.14101652567247744,0.08835692531796141,1.0823456027163942,0.20525304171917916,1.073001719181227,2.0650431731437946,1.245476333125296,2.0326721344569934,1.0513130745061652,0.16086554041476853,0.1007432064809606,1.159836930574571,1.1725366568605997,1.0753956190680862,1.0718471605122666,1.3231361656007008,2.101276454356439,1.201405822987769,1.279853921449863,0.036414019522925126,0.0,1.2132704297124781,1.2341886687029702,2.0424515783447506,1.0640633361057645,2.111400198732312,1.1183269641216003,1.0405462092852416,1.0562423679218498,1.0542428046085808,2.035015658772464,2.034279565471081,1.0847197340742833,2.058561538549081,0.2397205298492713,1.1549284324895186,1.3553466373975784,0.26805788576688117,1.163728993427264,1.131443206939122,0.3085355668279396,2.122683284454448
0.07872491400739556,0.959631823106147,2,1.1796754791478024,1.4667454057701022,0.2872012488777873,1.3191189204637455,0.29263644014515455,1.5016912206657373,0.1270605721305911,0.33867091571219765,1.140625309799846,1.235885357028678,0.2780921750411915,1.1434351497736082,0.303090988243999,1.4568200120306123,2.227521810586097,1.4054863139748028,0.44380774705104403,1.1359356104215725,1.1808818263939147,0.2193118187386571,0.25054928413814315,0.5082154750705379,0.4468369960898645,2.1146578345646656,1.484491145215612,2.169207647882044,2.2203923039406024,1.2159464042498849,1.2132704297124781,0.0,2.201072477900127,1.399831172135228,0.3956192254305947,1.5507401675167474,0.26146153165100866,0.4386161689580593,0.37927826936976144,0.37559982582850565,1.4401887811816876,1.3866303796548767,2.1062683419312798,1.476592978301874,1.3613614062071087,0.10938400328956926,2.199622818237077,1.3801534288148616,2.093567501082586,2.107736776861577,1.3605287622328948,1.5344257878819538
0.9120152204238956,0.5718853618692958,0,1.2829187820975763,3.02974131837259,2.097686024688741,1.2642108341877523,2.1371665268200366,3.0344622409286277,2.190220955632935,2.084676744624491,1.2439173543663038,1.1926325323863114,2.1319927000234054,1.3160810191477825,2.1285015042599107,3.038619196610094,0.06992610710823302,3.0607214826025584,2.193146713278892,1.198697539737858,1.1865577082634937,2.119059947259484,2.110871441259445,2.050975985423557,2.06637335945342,0.4390319184491226,3.021292723942083,0.07965466523021626,0.07603302658420853,1.2139110653218044,1.2341886687029702,2.201072477900127,0.0,3.041776832035192,2.194283570455101,3.037233292918089,2.109138432673653,2.0937928454121226,2.1014143655489206,2.106652262450776,3.0814368177004257,3.048035917729088,0.327263423490073,3.056110983721147,1.2527885842924165,2.1732478437044,0.26842239524519634,1.255479300367562,0.30253094090198857,0.26292516770113905,1.411176217728448,3.0250037312364997
0.6345585755040412,0.15304875160717324,3,2.0676443302625884,0.1643459161903986,1.2552418226614228,2.0311029858567258,1.2236044412203555,0.19275691886616048,1.340009900361409,1.2520584438564555,2.0668991170393425,2.0266889173190497,1.2264082022021523,2.0926408382036397,1.213346878612774,0.10006322692109311,3.038516535827321,0.11023142877587186,1.2332038556685967,2.0564041530985473,2.0389642901033604,1.2849544303544205,1.2868203225903885,1.1190833433939547,1.1401494868866053,3.116117502909069,0.2573576796166282,3.039498074462696,3.053973464961658,2.036231850189224,2.0424515783447506,1.399831172135228,3.041776832035192,0.0,1.25096350491221,0.2639762469916591,1.2388108156848778,1.1386206536838024,1.1672308387313468,1.1705858864901486,0.20421464937309527,0.05040245006908788,3.024877593001843,0.112631914416893,2.0224821526942423,1.329480238716118,3.095380197921119,2.02135185551816,3.054414408991022,3.0373150250012504,2.080816916979849,0.31474687827457215
0.009309633818319063,0.5701500001585598,2,1.0354969858098013,1.337138262706768,0.44095609823775445,1.1285219152601598,0.19211169768389078,1.3654495718593174,0.2685873704672224,0.49740135704039895,1.0265280326320998,1.090342263464782,0.22025179889247,1.0155017704126201,0.21183288769179637,1.3109950240881103,2.2121420672864334,1.2322305140512362,0.04969205132504726,1.038043631193824,1.061109790779628,0.41269548822710866,0.4547738161323765,0.4545541996083637,0.3961616469401649,2.1780296100380836,1.3754819461953502,2.1645462112199882,2.2224545105766933,1.0713091390987255,1.0640633361057645,0.3956192254305947,2.194283570455101,1.25096350491221,0.0,1.4153685932403302,0.34995411147376076,0.28314423157275365,0.26783460350726745,0.24964612056495716,1.2437358461328178,1.2303246854402776,2.0819080961865626,1.3058004428818257,1.1651010367647496,0.302063808779739,2.2404991013176363,1.1800510456412898,2.1065950829905695,2.1024168958808884,1.1349201737176136,1.424255210258691
0.8927652899939037,0.09816021393169838,3,2.1491155373694038,0.11488299390675641,1.367959188771521,2.0914252264836533,1.3661870084755054,0.07246315323296262,1.4958279282317544,1.3543983480321282,2.145250582950862,2.0850136411534486,1.3660754061726892,2.1832561589645008,1.3521739583276136,0.16443821634899336,3.029451558789544,0.3480062276243037,1.3969727433598111,2.1269377176920865,2.102745226843433,1.4078985477717212,1.403194621698262,1.2097881128824728,1.2433955255496336,3.131111106597609,0.11703073980082082,3.0418214206413294,3.0445767857392125,2.1010905506243702,2.111400198732312,1.5507401675167474,3.037233292918089,0.2639762469916591,1.4153685932403302,0.0,1.3630060287421792,1.2606897385493219,1.2934503277036657,1.2997131550285854,0.41230093279624663,0.31096561974455456,3.0473776271620316,0.2350008948725886,2.0740028910985204,1.4781869553540468,3.0893933568676606,2.0703063442947536,3.0745790917837206,3.0555644052237296,2.1626884264214383,0.1030545841356154
0.27967028672323824,0.7923503545647019,2,1.107139841361302,1.2900349460204585,0.09116143122297654,1.2029858379680354,0.15907053103374838,1.32058974931601,0.22496616902498182,0.14833328689151898,1.0703894791978776,1.1253021381867703,0.13022566497215016,1.0921036250915348,0.14419095598083637,1.2842645683092873,2.128419943074075,1.2510441885016914,0.38033600709048954,1.0562046741239601,1.0843994069784166,0.0869446974495355,0.1159467154897388,0.24694017819546832,0.18741931547502583,2.0671196685548026,1.3035065762743852,2.085216040232135,2.126109915439874,1.1155126763109593,1.1183269641216003,0.26146153165100866,2.109138432673653,1.2388108156848778,0.34995411147376076,1.3630060287421792,0.0,0.2161528934917098,0.16059410862487947,0.16792705158054586,1.2879661980277912,1.2306496035788212,2.039435171926058,1.3066153467719512,1.2324640429882132,0.18064535139227297,2.1211100704566785,1.2474609911865242,2.0354431638130093,2.0415973457917853,1.270209596324537,1.3470647285942265
0.29238103840739105,0.5765715090852105,2,1.0389949879468625,1.1943643884975224,0.2833461593019282,1.0978430539454112,0.16317896004644328,1.2200289742855763,0.3478493797407581,0.3152639670779531,1.0173085439047935,1.0440968103046495,0.16554407093874546,1.0380694087473064,0.14328595346291678,1.181669593736871,2.107174294341799,1.1408474464007095,0.28440028538625917,1.0080850258350227,1.0204518572501915,0.3028207638192099,0.32503464763552076,0.17488759533590365,0.12689020612407212,2.095415422304302,1.2170749473165177,2.0728437264935082,2.114411745409198,1.0381379990688357,1.0405462092852416,0.4386161689580593,2.0937928454121226,1.1386206536838024,0.28314423157275365,1.2606897385493219,0.2161528934917098,0.0,0.0598671856753957,0.06402187365842706,1.1670183831872882,1.1284377034384319,2.0219074839380724,1.192218026676957,1.12000320025206,0.3326326128766669,2.1317157040918553,1.1317555947428655,2.0376393696457735,2.0332362685836936,1.157373621286799,1.257929395987465
0.2698921433749043,0.6320542047741377,2,1.0502180605950404,1.2241934199707047,0.23540181176996666,1.1218833249892102,0.11411069764085116,1.251484726103109,0.2923778840225389,0.27461487648321214,1.025159532008828,1.0623202264969958,0.11031267181150976,1.044180859590345,0.09104311221286443,1.212354842737478,2.1166689718429725,1.170719094015293,0.27952178146226314,1.015959493651816,1.0334320453785366,0.24752081809173757,0.2732281584015107,0.1908894734772095,0.12892540597802477,2.0905078328800353,1.2456389001372137,2.0790387523083376,2.1216516110506918,1.0543712629559197,1.0562423679218498,0.37927826936976144,2.1014143655489206,1.1672308387313468,0.26783460350726745,1.2934503277036657,0.16059410862487947,0.0598671856753957,0.0,0.01823408215919601,1.198941122503634,1.1568037893726049,2.0271394068720667,1.2250480582024779,1.1471681491263703,0.27413928696130535,2.133263974393042,1.1600953811507475,2.038399822750566,2.0367423847369115,1.1802746687117744,1.2879635491665793
0.252480700153641,0.6266390965442835,2,1.0467528477800436,1.2297646091763899,0.24660187273791045,1.11975862549747,0.10139244289180463,1.2571324321417587,0.28398831530294133,0.2881936493564229,1.0228105501452056,1.0616925226745955,0.10157376014353643,1.039868183168413,0.07994296776499701,1.2168304257921614,2.122060950651881,1.1724374727801061,0.26140229492194944,1.0150298480942062,1.032828065584407,0.2544102740069608,0.28232929464030243,0.2081570261305671,0.14688495512465793,2.095621358840621,1.2525289881738986,2.0837703296459753,2.127474641428679,1.0529907119451056,1.0542428046085808,0.37559982582850565,2.106652262450776,1.1705858864901486,0.24964612056495716,1.2997131550285854,0.16792705158054586,0.06402187365842706,0.01823408215919601,0.0,1.1994645855372197,1.1594011670945676,2.029686671090132,1.2281834059678483,1.1458095664488905,0.26895474372027095,2.1396728575914925,1.1588764273624519,2.0419947517053503,2.040100492098348,1.1747552445771205,1.2953556404488806
0.49033902247194083,0.00846540698616427,3,2.0563137496788038,0.345180601723276,1.317972034056431,2.014149719349495,1.247575626095123,0.354248399863244,1.366808843233679,1.3231986126664494,2.064602008053456,2.0244190972251213,1.255035493475501,2.081279992520325,1.2401570203287027,0.26662551183099803,3.0774777298580904,0.09722284259064705,1.2205173152859081,2.0614790040426705,2.041514273324481,1.3421372695773806,1.3503917332799376,1.1748009067813205,1.1900518387285424,3.1670634498284325,0.4448326069340855,3.076868566964374,3.0983268518663514,2.0316970300197372,2.035015658772464,1.4401887811816876,3.0814368177004257,0.20421464937309527,1.2437358461328178,0.41230093279624663,1.2879661980277912,1.1670183831872882,1.198941122503634,1.1994645855372197,0.0,0.16483734695235958,3.047760026282987,0.17733801192282864,2.0064319412840694,1.3641540081681467,3.1496029796848717,2.0046980994278645,3.0890315498003447,3.0675724422881516,2.0434649676203303,0.49033260331163114
0.5850995758300755,0.1433423452578817,3,2.0573483030622715,0.2144337958246653,1.250304527248655,2.0229790053917127,1.209832681878029,0.24080751651931792,1.3245449371886764,1.2495884334823575,2.0580610743300563,2.0205226372472183,1.2136052662430987,2.0811085599578103,1.2004653992160497,0.1465640746363781,3.04526747156183,0.06764816682022197,1.212038660489236,2.049461272417849,2.032630332116106,1.2778683724857476,1.281424052025749,1.116616054190964,1.1351938124669598,3.121186199849952,0.307709787776853,3.044620130772422,3.061389970884657,2.0289382710590975,2.034279565471081,1.3866303796548767,3.048035917729088,0.05040245006908788,1.2303246854402776,0.31096561974455456,1.2306496035788212,1.1284377034384319,1.1568037893726049,1.1594011670945676,0.16483734695235958,0.0,3.025745857808803,0.12660704030497766,2.015622200570667,1.3159836064182753,3.1035047511550036,2.0147588544855464,3.0569368898204283,3.0395804069802352,2.067474705627455,0.36497010274491265
0.5865934589653148,0.5372151221291763,0,1.1119574726302437,3.030559839425241,2.03928487420992,1.1242808396535797,2.048644963585211,3.0376770464058027,2.0897207985576034,2.035699946094962,1.0828325989400405,1.0637582508641978,2.046586916357176,1.1319957365237814,2.0435338201768203,3.031682661084903,0.3670680669287235,3.033592476799672,2.080545717426347,1.0547847497614014,1.0517205987220368,2.0516551746434493,2.049811521550166,2.005855177442503,2.0118727038124127,0.482613128903693,3.03192478532896,0.2572709899971536,0.39782552087720885,1.0727513057140459,1.0847197340742833,2.1062683419312798,0.327263423490073,3.024877593001843,2.0819080961865626,3.0473776271620316,2.039435171926058,2.0219074839380724,2.0271394068720667,2.029686671090132,3.047760026282987,3.025745857808803,0.0,3.0412042760791627,1.1280712613984618,2.080352473895605,0.49462034240039676,1.134843740449867,0.20055000381174476,0.11306363964992987,1.2307657250381654,3.0420609716994322
