X,Y,cluster,0,1,2,3,4,5,6,7,8,9,10,11,12,13,14,15,16,17,18,19,20,21,22,23,24,25,26,27,28,29,30,31,32,33,34,35,36,37,38,39,40,41,42,43,44,45,46,47,48,49,50,51,52,53,54,55,56,57,58,59,60,61,62,63,64,65,66,67,68,69,70,71,72,73,74,75,76,77,78,79,80,81,82,83,84,85,86,87,88,89,90,91,92,93,94,95,96,97,98,99
0.5550550150246095,0.08712518634143873,1,0.0,7.017095857646789,1.1925291513727498,6.014960369460908,5.074561666501463,1.1780232905493584,1.2377992702594256,3.0551618990058587,6.014149391740177,3.06105423836241,1.2403579552951793,6.007110508038312,7.009774384517683,7.006758137698022,0.1666090915717695,0.11247588161559958,4.037364511933064,7.019962030777964,3.0591660471764333,7.013748708687734,5.088701505433429,2.0411929305320378,4.036004629838958,4.012226925486247,7.015966575272194,1.2532917847847826,5.073252444454168,1.2657925335829565,4.013459797831865,0.19758266852108444,3.0456452615482004,1.3281938360747423,1.2994983619219107,1.2687335489197347,1.250187504723481,1.2655357193619974,1.294743013778181,7.00529359519112,7.016568026429327,4.0412927811802,1.205302243039808,5.04516501574055,7.004898557318353,6.009009582843553,1.3048022490030915,5.047675188793189,1.3364397598184747,0.14645767963474796,4.023000942581186,6.004591878837083,4.0457368391489394,3.0674994763250294,5.058640107051667,0.177454718393065,6.008260991433574,1.1845738553821137,1.3017460555810594,6.010140363550591,0.07369446619709626,4.022648949790777,1.2092696942070043,2.0273056894652073,1.206011356110151,6.01112154372514,5.07349626421112,1.2598117409869505,7.006336134151154,6.014970406699452,3.0415673498327163,3.0346279738618622,6.014585148220202,4.022294139207646,1.1477265157682863,6.008602431631908,7.006233895376888,6.0071362444900345,1.271276646499714,3.0517457517900257,1.2061802422380667,7.013279189390706,5.061747223172704,0.2695267921031728,5.047671177106643,1.2430844062099906,6.019020182289064,7.015910196626977,5.07688595251675,1.3042940792855877,7.021477381902493,1.2707023766595327,1.2459745728672345,1.3498149051878967,1.2759153382323254,1.2866389676306627,4.0146262539589985,5.053384685327488,0.09346273139590841,4.024663365306908,3.0637275940440527,7.007978087016834
0.0733205022678095,0.17410871709689946,8,7.017095857646789,0.0,8.054319040634109,1.2085840259932072,2.0876522514110785,8.052843306954605,8.063650898179425,4.00542857136138,1.2982464645313023,4.008165758906575,6.0403804358175845,1.2291913162144636,0.13139567814090297,0.18874978852073973,7.0174235221708035,7.011167400723205,3.0653191780395073,0.05231940485560496,4.019252465936988,0.08351030423584463,2.133682179758224,5.079885928006806,3.0370258131537744,3.033938259084888,0.09136785968213756,8.065930349979201,2.102012911074359,6.039069518576946,3.0276566836295906,7.007445813384811,4.016600941284343,6.057908985233161,8.071648032837153,6.045212497003213,8.062511760382614,8.05870098968559,8.056901747275159,0.2530109238356039,0.028826432101471417,3.0551718229741622,8.052919737182961,2.0721135686722882,0.22767612249636843,1.162999807515709,6.05006530553379,2.0838463212453853,8.074986205185454,7.0287402172226425,3.0376083078131253,1.1849830768500496,3.0536329994106834,4.013463017828185,2.0687760080227924,7.015600398741209,1.1923197332612685,8.040421515050669,6.049512050509724,1.2454748599693937,7.015123890695711,3.0511337300207235,8.0547314211409,5.066670655724963,8.059618412045603,1.2477128187745008,2.084997790526373,8.05470315545691,0.24900393799209256,1.2776421721596858,4.00474047365369,4.004709413481575,1.2193341033165834,3.0389697142545353,8.043421924412444,1.1892800042722056,0.26059583586831997,1.2438431229692,6.03989521278188,4.0219262455436855,6.030217969573642,0.13992233693784456,2.0692282536966844,7.006132922164985,2.058183785542491,6.043736170866532,1.2690536349394355,0.055974000909563545,2.1284798017222673,6.0688457075440185,0.13845794377778958,6.064296274437377,8.05360879065437,6.074031501011821,6.056117599350684,6.065869611722547,3.03046306410298,2.0524168196544914,7.01921836044884,3.036351646026005,4.023460756429019,0.17464797985189345
0.8753879030661382,0.6523796579847723,0,1.1925291513727498,8.054319040634109,0.0,7.0047411592731486,6.061544097985731,0.034557903877179615,0.08115862264222473,4.091602354167861,7.007275314806557,4.0900078448550845,2.0655322269710314,7.0109609649974525,8.041052856497874,8.04343657547999,1.121514189038047,1.2428999875852411,5.013785200144059,8.055124202819664,4.061467814174966,8.045151214447674,6.055560998432684,3.0648745390114756,5.030717086901868,5.023191700950077,8.059371225865402,0.10585094526012284,6.051308653423059,2.0873901830136394,5.027548687391888,1.1969877845744679,4.054043298901763,2.078191778750306,0.18524563727019414,2.0705829284843142,0.10872849021506563,0.19114378137612587,0.30156353593286744,8.030511692136587,8.055733659555969,5.021702117244675,0.06760660824194623,6.032755908185847,8.037939466316917,7.008915625489948,2.0825856457808545,6.029951870860119,0.25613511978481385,1.185414699687675,5.02272546694435,7.012561860323158,5.025950977387472,4.083374856199607,6.050654439568005,1.1265799062215702,7.0080614960509156,0.2102801768537857,2.081906318346374,7.0074789125931645,1.1669525643163574,5.01491091822544,0.054504549348221146,3.055286443884212,0.05441899022340465,7.006455245552128,6.061647220761845,0.22178933682856233,8.048387536421899,7.004429179279565,4.0786473066800735,4.07298594951605,7.0043133735208345,5.021573474883767,0.09928978437723435,7.0078678355332835,8.048878900680513,7.013072467176009,2.088797653660841,4.050008521445951,2.075216339922244,8.058009669109671,6.054652069750283,1.1934248174922042,6.042923226402045,2.0578606486517983,7.002120264097399,8.048771364825814,6.042856682633301,2.038113309400049,8.069290408308065,2.028517237047915,0.19246541125957964,2.055703421960929,2.0474409218608725,2.033889435049461,5.025514999069498,6.0540138837462,1.1445867844779234,5.0242919215190955,4.058464080361197,8.047074496996176
0.6715212780214904,0.49478172776921003,7,6.014960369460908,1.2085840259932072,7.0047411592731486,0.0,1.223911826783233,7.004197440895209,7.008136017093882,3.0641665086861964,0.26828752778474707,3.0640402683056753,5.017734703743107,0.2484484897446742,1.1435070139247265,1.1549359772195704,6.005859934720335,6.02058344377135,2.0117121190715217,1.2141100956831683,3.0407846820057345,1.1645222076642603,1.2263095226532332,4.03708630195652,2.0311798785298834,2.012751681418582,1.23164914903121,7.009193579183413,1.1934665171476995,5.024224833935755,2.0184241407808363,6.01345503889731,3.0318927159365745,5.028043543690338,7.012557089243227,5.021104143599809,7.00832198004581,7.0088547559839505,7.011591822993148,1.0932024501302589,1.2148335371907528,2.0226973589746122,7.004829051548749,1.1026479667501756,1.1287363552535554,0.10018525398513457,5.026667115024436,1.0979616210946628,7.015588841838129,6.017097028226275,2.0152144242127554,0.226353969149133,2.0302975844582916,3.060067584420867,1.1725000011203421,6.006082652769751,0.12582281502554074,7.0033382964334026,5.026253558447882,0.20085348642378378,6.011055073267528,2.006144520985573,7.005265654196833,4.027819218677851,7.006423557899539,0.18114008612078186,1.2228613653442855,7.008385185959789,1.1805974329140678,0.18450756901163398,3.0507582324686053,3.0448746930807316,0.03275320754008435,2.013545510855548,7.0018029284299335,0.11312504660857521,1.183380101854739,0.2999095995253191,5.024974653616541,3.0302959173648896,5.017044635034605,1.2250119741854206,1.1880578235286419,6.012906833120706,1.1359254547097497,5.016502564886796,0.1084770421066633,1.182492033009643,1.1754747161832177,5.018991209238897,1.2793787723091699,5.014298428120746,7.007279372905816,5.026433374751165,5.017583986894584,5.016596915439445,2.0160702638970465,1.1760412052746207,6.009153722538993,2.0178103241958123,3.0396680293774963,1.1724718635883318
0.021941676472708393,0.7704744933463936,6,5.074561666501463,2.0876522514110785,6.061544097985731,1.223911826783233,0.0,6.062990704326829,6.068350919462534,2.037695823082871,1.3918788168413485,2.0291747001274687,4.016170514059718,1.3510277559320083,2.087843085613653,2.12081816150704,5.05547267750706,5.06965724532031,1.1187900234301182,2.0755364699039776,2.0179099928244923,2.0760523519568426,0.16642230876914263,3.2288640758130134,1.0635247496851572,1.1610032508464692,2.1156597749410486,6.0686322965330985,0.09860177993602587,4.010101546419905,1.1430739576541078,5.045913563470487,2.028928282710318,4.021021285272734,6.067319942455378,4.016371557325433,6.0618758034428915,6.049665851535219,6.039385568717263,2.0942072694126637,2.096095219712533,1.0796936870572234,6.054440153820793,0.24150824585833316,2.1180948177259467,1.21884716635932,4.0155227462869165,0.2617675609617113,6.064002732545614,5.097329662315646,1.1122471063880965,1.3084869526192082,1.0627593379885711,2.0183999094825453,0.10022581511777796,5.051528531644983,1.2684911786297577,6.035560308768139,4.015408020588926,1.337207012619821,5.063324782819546,1.1448424401399342,6.0571665061680475,3.1988328927677285,6.069508377085859,1.3283505404051759,0.009744727091129814,6.0434219256052435,2.151408562173814,1.33836383601414,2.0449407684973013,2.0514658889988113,1.2430255816897828,1.118059251582395,6.0517135605802626,1.2597979593633295,2.156072797350998,1.3840012928958192,4.010040872558064,2.02425664861134,4.0118443557717525,2.1302510545406292,0.07874960053991305,5.03637052702587,0.17864293399571615,4.01979590101968,1.2810882667642791,2.0754338519187794,0.21373162096993872,4.043321227179705,2.125066372173006,4.044864337117144,6.044753165508116,4.040175535066173,4.029832750538994,4.0430541157263145,1.1406717903977555,0.14333773481631476,5.067800722504946,1.1028502064526549,2.015154553526412,2.1249697743735516
0.8802291278412777,0.6181625385405385,0,1.1780232905493584,8.052843306954605,0.034557903877179615,7.004197440895209,6.062990704326829,0.0,0.10711149647980768,4.090454238430741,7.005795194434739,4.0892591546396,2.069421484762745,7.0092540979550915,8.03960306941042,8.041546944747212,1.1111899640148666,1.2283722046918466,5.0141288004399724,8.053845410086932,4.061605510328809,8.04385554209984,6.0577734280409565,3.057989128865375,5.03082988882799,5.021904093699028,8.057504960544993,0.134134353892654,6.052970139708825,2.091761107189331,5.0262995193065905,1.186536575423126,4.053689505684422,2.084429621952326,0.21760276992202898,2.07525217877994,0.14255515027582263,0.2243771402343995,0.3325289477531036,8.029103976608596,8.054134532970348,5.022217308106686,0.09790506106653517,6.033553688695484,8.036136117489185,7.0079947282826485,2.088151797255119,6.030923855357911,0.29010426497446,1.1689266876480966,5.022216034622058,7.010903125787251,5.026635597140272,4.083222345765137,6.051661035082246,1.116718125048832,7.006897691580576,0.2266670081181096,2.0873945333309725,7.006084014341524,1.1543057818346094,5.014416515599226,0.08768825734745905,3.048979192239594,0.05750266736982445,7.0051802312002796,6.063041568783378,0.25264393388738476,8.04612291964778,7.003343643839811,4.077213277528625,4.0713412115243335,7.003675539821033,5.0210318505508145,0.09019275610088613,7.006766966678382,8.046562545635435,7.011137381839663,2.0933112984219386,4.050084537198806,2.0779235809201095,8.05595216923865,6.055694549122195,1.1848962977245487,6.0436007952188024,2.0618889249170795,7.00157430381872,8.047480257392332,6.044852773316908,2.0436266511912913,8.067340581461012,2.033080779606509,0.22293096083820713,2.0624432161152284,2.052379551315292,2.0389319354515494,5.024389386820769,6.054659187334499,1.1318985834184874,5.023865507960015,4.0589135215529515,8.045110928864105
0.9284041152433088,0.7138288506203819,0,1.2377992702594256,8.063650898179425,0.08115862264222473,7.008136017093882,6.068350919462534,0.10711149647980768,0.0,4.107029729203687,7.010463876959037,4.104818627168901,2.0754084374817094,7.015474637434882,8.049360192221748,8.052183060503356,1.1604799967525112,1.2925343469541135,5.018603150562482,8.064342111814515,4.0728672465319065,8.053666885936808,6.060198669318805,3.0769401456261605,5.038117264524364,5.031325955672382,8.069332798119154,0.028419310454322475,6.056877807095485,2.098547588124398,5.0362226765387375,1.243197336510756,4.065517984362737,2.083387977217514,0.11827333267157493,2.0791620547974436,0.06327718713321813,0.17481834628665455,0.29359667654850125,8.037840585269622,8.065259765500858,5.027373203832563,0.1000438355082215,6.038456362166148,8.04616036958542,7.013454635778058,2.0902236672505503,6.035029850209835,0.1980772571879553,1.227186875040589,5.0300455340700765,7.0176892027633215,5.0318480992819214,4.096893667382814,6.0575161013995995,1.1661814093318994,7.012386206536418,0.25498066436015004,2.089676502421768,7.011292628885815,1.2105519404532152,5.021093721830609,0.08039292824632432,3.0677825192185995,0.06619753891124314,7.010072188091965,6.068567950313479,0.2191295441768505,8.057665346709825,7.007368261566198,4.093480073530122,4.0876080594482,7.007621575983668,5.028780981674072,0.178710821851725,7.012164965191241,8.058206615453923,7.017735060571042,2.0997616275873403,4.060490043758479,2.0887457995620924,8.067980339331921,6.0617521173651365,1.2385487531911663,6.049767062538315,2.066434754209928,7.004573351844233,8.057553450636725,6.046910104208177,2.0389208234624263,8.079963629448931,2.030397362553817,0.19456040711733663,2.0556331163780026,2.05201730879188,2.0354169307798555,5.033829027835033,6.061794111071882,1.1855849649841508,5.031707966482383,4.069114306783788,8.056157437321197
0.058007415747943214,0.38201145796218827,4,3.0551618990058587,4.00542857136138,4.091602354167861,3.0641665086861964,2.037695823082871,4.090454238430741,4.107029729203687,0.0,3.1124883549955293,0.04731723080722085,2.068536587773649,3.0879404101641805,4.006783175070162,4.014276667007163,3.044596153170477,3.0435257147845767,1.1234418370283135,4.003475956098378,0.20894713161252793,4.003851073398317,2.0707530494182853,1.391202215244609,1.0528715370438728,1.0822043734204125,4.011220674835915,4.110087136720594,2.0480093387884364,2.0620274206183087,1.0640595516053128,3.024171680742526,0.21222953903377176,2.1048769285283253,4.116724565373379,2.077852512213507,4.1022636236195105,4.091145904820703,4.083595743047538,4.011661206526634,4.007030820546291,1.0918776596356197,4.086167279334532,2.0320572145129603,4.0150588863191,3.0519929842103575,2.0864953044770242,2.040689559524195,4.119303922429283,3.08554115086345,1.0711153187716345,3.0703140405013727,1.0833523669289884,0.1209502700971536,2.0258866474245956,3.0395974945924804,3.0663182755425975,4.0604161919052695,2.0853725418672524,3.0900791085735904,3.0457164083144486,1.107296462793397,4.089887388183841,1.3346100680746207,4.102466791602685,3.0893371761392863,2.035935394737982,4.0828243858785855,4.022072246258021,3.098765338382364,0.07953222757615626,0.1235863124355772,3.0695936050255552,1.0756965432791918,4.072574526866434,3.064307469818155,4.023417481559643,3.0968151743589654,2.0635642146244613,0.2573799336877524,2.046244587793349,4.014794739488422,2.0258956521799094,3.01667207844787,2.0206559399842714,2.0773107948648692,3.0880545090219162,4.003450337440573,2.0686565905106593,2.1397563959377326,4.013880326327254,2.1323309799949723,4.082096974839282,2.147313902206185,2.1072610321336227,2.134069981532809,1.0683280666675468,2.0159617934164973,3.054393731171892,1.0654408463425404,0.24852207321459463,4.014643701229749
0.8857832731493583,0.33331967337661617,7,6.014149391740177,1.2982464645313023,7.007275314806557,0.26828752778474707,1.3918788168413485,7.005795194434739,7.010463876959037,3.1124883549955293,0.0,3.1152211446690856,5.047056437012525,0.12111472064893289,1.2186634006569292,1.2085564670352542,6.009308026770469,6.022554395017377,2.0579500364323327,1.3136944615850905,3.090031723337001,1.2528577419188134,1.3988090272802212,4.012099046774132,2.090761337714198,2.0431753167288864,1.3071469705706804,7.01207346459277,1.3576622159297567,5.057513879940138,2.053868205992621,6.021451992845001,3.0748411057092793,5.061448061217164,7.017821211287144,5.052116954954475,7.013029031241545,7.017862113291653,7.025135655718707,1.1534963013913626,1.2999597884797744,2.0794492708224896,7.009913409385307,1.237381605172987,1.178441967095,0.2782768483710843,5.060424848946669,1.232464390872063,7.0235602534788155,6.0101113117177904,2.0590005565511182,0.19449061489072514,2.0927706203429586,3.114003181931943,1.3268764381459999,6.010809371810674,0.19716938952584268,7.013395799215914,5.059841658266539,0.0885392817166701,6.012906835263722,2.0417783081593806,7.009701761569629,4.008404389483237,7.007190487687773,0.09507010041634653,1.3901553677289038,7.019062169022161,1.2186411056286308,0.0900840492124886,3.0928253072488516,3.0832376499253833,0.23604027172722256,2.0556949008099688,7.005625190969057,0.20908343296208814,1.218850798662282,0.12817401786889293,5.058639514823789,3.074981188586035,5.046182886306322,1.288816598441188,1.345739716245246,6.024079572724974,1.2783158904150826,5.044653781935501,0.20608166127864833,1.2751453534943964,1.335963496512242,5.04329501232343,1.3603358829762149,5.035907464765856,7.016942527483497,5.05494895863929,5.044349697709246,5.039804343261879,2.05191475470604,1.3261425928846748,6.009313400759346,2.0643609232401814,3.0900499791700686,1.2272131201960848
0.05183938335142735,0.4289249497062414,4,3.06105423836241,4.008165758906575,4.0900078448550845,3.0640402683056753,2.0291747001274687,4.0892591546396,4.104818627168901,0.04731723080722085,3.1152211446690856,0.0,2.0605462112873667,3.0914181492704045,4.009426303563257,4.018117845269851,3.047959430304073,3.0497974873241716,1.11639491960786,4.005675705166592,0.17711994541994763,4.00608138420472,2.059270047669952,1.407749310410893,1.0469432273858708,1.0852974457111384,4.015030151955577,4.107559985887875,2.038647112659103,2.0533004287247625,1.066986218324989,3.028004480863688,0.19536937817297959,2.0937886835322455,4.11316157950131,2.0688139069883174,4.099450538743985,4.087445443172223,4.078920342819081,4.014166657943421,4.010107036679577,1.08357366038263,4.083934712900063,2.0261388896877937,4.01865351681906,3.0530627418285445,2.076227042435888,2.034082761556146,4.1148271784551005,3.0923369758612593,1.0692610909431406,3.0736745859319745,1.073912061365511,0.07540766061744737,2.0191181888281884,3.0427616522407264,3.0681320598628945,4.057825037688893,2.0752086071260667,3.0925805619587714,3.0505000506937754,1.105365788431646,4.087704232323569,1.3500194529878107,4.101012240765338,3.0914664840676687,2.027621492887029,4.0789828716201635,4.026934490724091,3.1002944410832347,0.10792886817802427,0.15129243201484144,3.069757456975287,1.0740497113624417,4.0714734840326985,3.0659266343939997,4.0284195270804375,3.100987610151491,2.0546408825562614,0.23362525144944013,2.039806114568278,4.019120426575108,2.0189839782930252,3.019470713360628,2.015214419641572,2.069175671801162,3.0879192411293204,4.005674148305522,2.058029870794597,2.129920434724569,4.017932359416074,2.123737080478769,4.078586646939342,2.135838274019133,2.09803083196568,2.124841241243454,1.070439949428154,2.0106561503634373,3.0590489943726835,1.0630488628011525,0.2144644387318367,4.018692965596944
0.38076904467102657,0.7999451199866394,2,1.2403579552951793,6.0403804358175845,2.0655322269710314,5.017734703743107,4.016170514059718,2.069421484762745,2.0754084374817094,2.068536587773649,5.047056437012525,2.0605462112873667,0.0,5.0437362445264435,6.032656019734302,6.0419241604181,1.1536800513972365,1.2518437046013624,3.0071945471902857,6.0378629070971925,2.025347272295688,6.032240310742432,4.011485254357966,1.3878765779358253,3.0090141252772162,3.029405462301215,6.050045021252656,2.075276439348782,4.009398832578292,0.08153492172029293,3.028534484844333,1.1647347205150875,2.027446891628349,0.14669349166870035,2.071966808849261,0.04743725013473635,2.06315234227916,2.042319899999785,2.027453699881202,6.027673401008295,6.043242466627382,3.004154509495724,2.051990230918767,4.003781493481012,6.0379335358536865,5.020808214718506,0.10449500056339314,4.002051969425336,2.066595390135179,1.2933379857895522,3.0156387106911735,5.038192126712782,3.003147626747501,2.0460043531115346,4.011324969545702,1.1450587761887714,5.028047189098219,2.0232572474976873,0.0997772294693648,5.038524169265466,1.1983093457068696,3.01684063727337,2.056541755570034,1.3352260867339483,2.079522044353873,5.036185878472667,4.016430705597069,2.032696117618667,6.052080651523492,5.035841534529019,2.062789517808471,2.0625765428502727,5.020444850188078,3.016149205158545,2.0518680079880425,5.026485436938677,6.053466424860228,5.050816389811044,0.08651094775557204,2.0192616182428944,0.09562481548275621,6.052756084487049,4.013539788637988,1.1346910410373916,4.008985464305776,0.03949953832444122,5.024230748404903,6.034202009280333,4.005223870013514,0.24480876687351028,6.057912327372386,0.243780348049705,2.0347904211747907,0.2537492636551632,0.14188875900489273,0.23640149032657598,3.026070946554246,4.0155469890906925,1.1991987791432117,3.014490978450284,2.0197009961610544,6.045085619867499
0.7813745539595025,0.2719389360480138,7,6.007110508038312,1.2291913162144636,7.0109609649974525,0.2484484897446742,1.3510277559320083,7.0092540979550915,7.015474637434882,3.0879404101641805,0.12111472064893289,3.0914181492704045,5.0437362445264435,0.0,1.1578458335872945,1.1461434646489612,6.004070683642127,6.013303189626474,2.051083354237174,1.2449316761365457,3.0728181851205254,1.1896007270458626,1.3707990764423859,4.011206948065589,2.0732960931752817,2.027208119474409,1.2348075165226278,7.017377734973381,1.3247943669008209,5.052823859536274,2.035369197910654,6.0128246373335195,3.058385519613045,5.0601653431138365,7.023750811811853,5.049275400426414,7.01781318439076,7.021836419995291,7.028324586645261,1.1018672776671012,1.229859615814277,2.068198745496498,7.013339919063552,1.2066973344625591,1.1204155561987046,0.213652889899963,5.057692664657174,1.206094012152581,7.029684848828662,6.005030701952845,2.0439697233581127,0.07965510104193473,2.079954736576787,3.092206122524562,1.286711345945806,6.005171238974147,0.13305003372947308,7.014585588285089,5.0570602465914805,0.06821836124767548,6.006210310945563,2.0317706437229885,7.013414234807591,4.006277086731962,7.011642015196437,0.09167316269053523,1.3486635899676844,7.022320856385091,1.1538351859081168,0.14469676574507312,3.070254335627065,3.061577444282144,0.22286268656709385,2.0412737168780475,7.007597858258499,0.14809841926843628,1.1539523997838759,0.051931199101949155,5.054001799415317,3.0601175068057946,5.040774546384937,1.2171898778407422,1.3038330772819484,6.015340085310073,1.239227395382937,5.042261641653084,0.23764235295016756,1.2097173752333894,1.3131595475969318,5.045851862895661,1.2834591100175698,5.038268655879159,7.02015478174543,5.057371416029363,5.044431671771123,5.042123691497889,2.03458767749149,1.2805187070323842,6.003794188937572,2.0486230193763117,3.074058735911191,1.162255880942242
0.20233110727688575,0.19903035487012533,8,7.009774384517683,0.13139567814090297,8.041052856497874,1.1435070139247265,2.087843085613653,8.03960306941042,8.049360192221748,4.006783175070162,1.2186634006569292,4.009426303563257,6.032656019734302,1.1578458335872945,0.0,0.10714884395072373,7.009399537239162,7.005927108405473,3.0462051851835246,0.1612595200887599,4.015673555184811,0.06915417669469276,2.127373669930911,5.0597520167699575,3.0258385375868415,3.0180392964962324,0.16704539979933627,8.051504965673487,2.0963773704474,6.032943879336757,3.0138822563367875,7.002651576764656,4.011583665694724,6.049341762546984,8.057122297564268,6.037401189588384,8.048757183886822,8.046218203226692,8.045713543971585,0.12165135530510507,0.136565458547536,3.0399431069122156,8.040241185353986,2.0591631005978974,0.11714212957046355,1.1033919035901703,6.042596071249049,2.0686390421410135,8.060732713145748,7.01902974133097,3.0228614524365813,1.120046322869651,3.040096274291314,4.01373799788529,2.0651823960635314,7.0080691205302275,1.1266828876458979,8.030195510472106,6.0420522552943945,1.1719504570608013,7.00794815652108,3.032451794397881,8.041738261440035,5.0481302064204545,8.045506383739536,1.174039779632732,2.0854263797411905,8.043016599912498,0.19363380876469458,1.2007644307397949,4.003783666495388,4.0025814215812305,1.1519421986593765,3.0236548509339873,8.031640927856905,1.1243225950034959,0.2062431375405212,1.1710407793133624,6.0337895213352555,4.016091217561894,6.0239765460681225,0.17253188549881668,2.067500761332061,7.001908474568886,2.051360954631844,6.035164429947678,1.195393206079196,0.10244512669778348,2.1165436883480195,6.0561505704800345,0.24395734126606675,6.051335627300339,8.041799744603177,6.062068007405217,6.0455598448702865,6.053178599656257,3.016045208959144,2.051318276238418,7.010907721260689,3.02238099100116,4.019222760218187,0.11987735693858598
0.24774593113215704,0.10198207547182159,8,7.006758137698022,0.18874978852073973,8.04343657547999,1.1549359772195704,2.12081816150704,8.041546944747212,8.052183060503356,4.014276667007163,1.2085564670352542,4.018117845269851,6.0419241604181,1.1461434646489612,0.10714884395072373,0.0,7.008649965252595,7.003082674286646,3.0573850296490614,0.23525227064593368,4.025905761588783,0.16521028782210948,2.164661744573307,5.050857834432593,3.037876120639584,3.0219882413255448,0.16680146592578265,8.054649264867727,2.129665234136326,6.043137742227324,3.018538643993105,7.002276215892619,4.019991245457093,6.060832962601943,8.061404547168792,6.047455286481253,8.05238442135899,8.051144610976207,8.052039284149066,0.1441099177841102,0.1764883796356074,3.0529382863502947,8.043481090976561,2.0837781926139685,0.056028997627086644,1.110004692684837,6.053680759149555,2.094099398803394,8.06610683357889,7.014492237481658,3.0309588863077206,1.1110747115015873,3.054336915075689,4.024010608754223,2.0937740951221446,7.0076370331213,1.1268168380238903,8.034432073634967,6.053057565476063,1.165299582208796,7.006047298874004,3.0396476158307846,8.044846270358448,5.04070186693708,8.047525721752105,1.1694987593418034,2.1180448931053077,8.04829176128758,0.0877720543496862,1.19845796911199,4.009867051338929,4.007748783459311,1.1608883347528172,3.0314532166257013,8.033839960476273,1.1258419111760516,0.10013035701157931,1.1547306813804161,6.044138380146566,4.02559564860511,6.032407926743573,0.1348567297710972,2.096818214632292,7.002664151971667,2.0764928349972083,6.044353329179061,1.2034712284100657,0.18837180890154737,2.150829905104345,6.065780875699327,0.2454245993752728,6.059926798128268,8.04667586444751,6.073162612613409,6.0551625052888065,6.062327787630283,3.021162764615242,2.0775325820533297,7.008836608909414,3.0310796586736157,4.030232794818188,0.034392394907842024
0.5610806954318834,0.25362527814321423,1,0.1666090915717695,7.0174235221708035,1.121514189038047,6.005859934720335,5.05547267750706,1.1111899640148666,1.1604799967525112,3.044596153170477,6.009308026770469,3.047959430304073,1.1536800513972365,6.004070683642127,7.009399537239162,7.008649965252595,0.0,0.23251541356968572,4.0183301806038445,7.01932305831639,3.0390397776586044,7.012786528305619,5.064758353831227,2.0513739041268453,4.0196767368604975,4.003282142348835,7.0184448752125235,1.1729727811828028,5.05242156543758,1.1784540783637893,4.00465977018142,0.1736589879833113,3.028101924322088,1.227910440976126,1.209974735258817,1.1775037921009301,1.1672494539789207,1.175033444866468,1.1969714924204709,7.004172354108806,7.017572062729473,4.021931930296054,1.128082342311005,5.028460698737907,7.006095955860135,6.002307871768595,1.2091748879852195,5.029784983241457,1.2395192462114009,0.25005333284476383,4.009688480093093,6.00167196145726,4.02568626571204,3.0503850725327446,5.041643723087199,0.030242337796536827,6.0025733369741925,1.1053514682082246,1.2065367959439186,6.005247696015814,0.09995753206494704,4.00856630088133,1.1324324343084415,2.034242383608096,1.1362464338933702,6.0055582795706774,5.054719818484485,1.1684301710630207,7.01025324009394,6.008144946201228,3.0320581894918877,3.0260721323591158,6.00587498216984,4.009071527623025,1.0826162721327866,6.00260521811477,7.010417353290477,6.005250285763828,1.1831529542957036,3.0312922225402223,1.1287780786923878,7.0166404992014835,5.044725515727069,0.20924516568135518,5.0322115190258305,1.1545728435083422,6.0094084495630735,7.015078816672752,5.0536048287851925,1.204128180625047,7.024747805564075,1.1753303285962575,1.1573459808869822,1.2441835375151136,1.1803196659894801,1.1888903534464565,4.004986529802308,5.0386391420976855,0.08666474521133893,4.0109998653434635,3.041480676788295,7.010400890296145
0.4488953214522743,0.04996413945314104,1,0.11247588161559958,7.011167400723205,1.2428999875852411,6.02058344377135,5.06965724532031,1.2283722046918466,1.2925343469541135,3.0435257147845767,6.022554395017377,3.0497974873241716,1.2518437046013624,6.013303189626474,7.005927108405473,7.003082674286646,0.23251541356968572,0.0,4.042617344919224,7.013783335715766,3.053818888663765,7.009083131173289,5.086529867531689,2.0641522779199013,4.0360251430172625,4.0143908673769015,7.009686597368019,1.3084406976951843,5.070494756658976,1.2710857504066837,4.014284087460023,0.16220672443354142,3.0415565483051097,1.3439518158675663,1.354411530703983,1.2809396699319209,1.3022659713332074,1.311385515283265,1.3340622894270666,7.003385614378457,7.010538585894441,4.044148596011482,1.252702471138566,5.0443865920643916,7.002108300908053,6.013173686211589,1.316072325571083,5.047798844726794,1.3895370043717141,0.24564676474058544,4.024904077205166,6.009371216098552,4.047616679257894,3.0577305806391215,5.054770878627034,0.22892104933006163,6.013488121239727,1.2195769149834763,1.3129431382834118,6.017021934122105,0.13683376782099338,4.0270966356096425,1.2581713799929974,2.04743434703108,1.260276251079359,6.018115578794474,5.068479063701087,1.301852213969505,7.0024774920774835,6.0229102091592805,3.0322667320881513,3.0264755137149986,6.020627131293726,4.024541637972323,1.1909121210400253,6.013729378848137,7.002398880806052,6.013587334968742,1.2765843475652856,3.0488491520239305,1.2108068658511788,7.007454698361685,5.057260364579084,0.23535265663756058,5.044704540286632,1.2580814452646434,6.02662397443209,7.010675458432176,5.076554532315444,1.3356099572719256,7.013909866764369,1.3031038011198477,1.2887363321213245,1.3783371036988559,1.2990645377296535,1.317980821603508,4.015938228231884,5.048445037506085,0.188890550487101,4.026121076370781,3.0593165339571753,7.0037816109182724
0.5043649739092055,0.6327832495534009,5,4.037364511933064,3.0653191780395073,5.013785200144059,2.0117121190715217,1.1187900234301182,5.0141288004399724,5.018603150562482,1.1234418370283135,2.0579500364323327,1.11639491960786,3.0071945471902857,2.051083354237174,3.0462051851835246,3.0573850296490614,4.0183301806038445,4.042617344919224,0.0,3.063907230362324,1.0547847215828163,3.0494469327004374,1.1151387765039564,2.1375887695227513,0.18796732636623759,0.24615567240977107,3.07903792942763,5.019410193946238,1.092189323611561,3.012689994612243,0.25915164168229804,4.024515240981689,1.044376844309624,3.0183701687841795,5.021290770789136,3.010386303985868,5.016156653489974,5.012051903521415,5.010744896682618,3.032988279118605,3.069260273108518,0.09599826307962114,5.011007760281069,1.0336250999752157,3.0490183166982425,2.0155982932405343,3.0158109983400196,1.028909763636738,5.022386662140269,4.047844034121675,0.15816775118855916,2.042115919648291,0.14226186760887852,1.0987152206930788,1.082531947378505,4.017142308201417,2.025828385525433,5.003468952685797,3.015366502987494,2.0426959918177876,4.0282341133129655,0.12173934234386419,5.012328638481386,2.1114734303137483,5.018071926032267,2.0390393257753177,1.1185195123254152,5.0095596024882285,3.0720132334002663,2.0394919167334224,1.1008662601690848,1.0930327742275003,2.015427434286897,0.15402915137024134,5.008405913604685,2.0234935327501216,3.073898409398912,2.063209104540169,3.01340755672639,1.0351525113824978,3.006602560932147,3.080504029317618,1.0944717729452191,4.019802556412883,1.0589958637503643,3.0066290550188466,2.022522734629288,3.0545621480283747,1.077441686491756,3.0153440942192455,3.095784182952254,3.011294233861606,5.009187753988686,3.021901078773478,3.0099778010658795,3.0129155562877394,0.23671378096095314,1.0907923726646471,4.02732191723805,0.16182167041240095,1.0485519964693741,3.063546839297428
0.04196611721540078,0.2159921584840394,8,7.019962030777964,0.05231940485560496,8.055124202819664,1.2141100956831683,2.0755364699039776,8.053845410086932,8.064342111814515,4.003475956098378,1.3136944615850905,4.005675705166592,6.0378629070971925,1.2449316761365457,0.1612595200887599,0.23525227064593368,7.01932305831639,7.013783335715766,3.063907230362324,0.0,4.016467952080765,0.09724592275662695,2.1201038393418323,5.086800292020086,3.034571449589297,3.0355418385085735,0.13874164428258806,8.066487198094304,2.0902638861250495,6.035997775610929,3.028767364953216,7.008907848524549,4.014767216899208,6.054451493722256,8.071697902053476,6.0423451246705975,8.062794374206534,8.058289643590198,8.055748625004119,0.2791439424374264,0.07860261836627112,3.0526151340436996,8.05328856028466,2.065048184277987,0.26891265633251527,1.170352289367543,6.046700913427349,2.076577969292942,8.074518892836679,7.032491274512395,3.037239335071402,1.199274256350688,3.0503684471982986,4.010335789936333,2.059053962642334,7.017315448877498,1.2027912188192194,8.04013530771213,6.046182958716722,1.2592061345517165,7.017473756548293,3.0514943189673933,8.055186049417665,5.072797224346836,8.060658540271012,1.260561513066418,2.073029007179887,8.054067660171127,0.3000751937007545,1.289688247431133,4.003623307612448,4.0041063510811,1.2260724322885748,3.03878290418732,8.044187604745611,1.1991223035325227,0.3118603680235228,1.2615544711894757,6.036751344495102,4.019661961629071,6.027956722957416,0.19097577756034473,2.059002611987218,7.007035551562589,2.0503570397803443,6.041325308509209,1.2764737983444467,0.060790866130516465,2.1168076417864663,6.066577526113475,0.16724978760012954,6.062521824389472,8.053164297575652,6.071037386817453,6.053684253132979,6.063819510638357,3.0314175784256965,2.043589015914483,7.021739254079787,3.035646101642124,4.020377240650776,0.2243271298604366
0.17855152190571755,0.5526807940472809,4,3.0591660471764333,4.019252465936988,4.061467814174966,3.0407846820057345,2.0179099928244923,4.061605510328809,4.0728672465319065,0.20894713161252793,3.090031723337001,0.17711994541994763,2.025347272295688,3.0728181851205254,4.015673555184811,4.025905761588783,3.0390397776586044,3.053818888663765,1.0547847215828163,4.016467952080765,0.0,4.013509228185963,2.0343874403199145,1.3717699027990211,1.0110177405673777,1.0548815707249182,4.028619444298492,4.074672956415955,2.0190632899062595,2.021648757053475,1.0423301999133328,3.0280611232027828,0.07428704380743187,2.049591738955908,4.077919266222783,2.031181094536529,4.067361079234372,4.05617191135192,4.048354422626345,4.0158320229295645,4.021962791063884,1.0303361181508168,4.055294311869813,2.0057198443897586,4.024058530793373,3.0354111996149347,2.0371419115717524,2.009663623771789,4.078260644086893,3.0865550215931368,1.0313089146137537,3.0583282494916273,1.0233119999249805,0.1211810934386578,2.0073232337129654,3.0346383426517227,3.049089476034034,4.033605580069595,2.0363675016764704,3.0706562749319364,3.0466442867495642,1.0560507466104085,4.05850903918826,1.3154089723810931,4.071006251061659,3.0686399094625427,2.017058860485939,4.0490893834328805,4.0367744451127345,3.0741693027618076,0.19854713430166535,0.21273944744866677,3.0459529977367263,1.0348862076942775,4.047068885376015,3.0468053036507423,4.038431246213023,3.0829430394573825,2.022646514429155,0.06988312339942412,2.0125270688319956,4.032509293198014,2.0089658693128176,3.018803460942077,2.0026304095885155,2.0310174692486935,3.059800610553666,4.014375234505969,2.0286168218125855,2.0757128766709827,4.03480130806674,2.071260405863093,4.049120591303168,2.0805060755263467,2.0514867180019176,2.071874638561036,1.0421158911075772,2.004705401428103,3.0521397303935083,1.0262288566635913,0.0409939190799842,4.027984474896625
0.13868724572011015,0.22608139996015408,8,7.013748708687734,0.08351030423584463,8.045151214447674,1.1645222076642603,2.0760523519568426,8.04385554209984,8.053666885936808,4.003851073398317,1.2528577419188134,4.00608138420472,6.032240310742432,1.1896007270458626,0.06915417669469276,0.16521028782210948,7.012786528305619,7.009083131173289,3.0494469327004374,0.09724592275662695,4.013509228185963,0.0,2.1163056922802865,5.070632207050986,3.025877734370686,3.0228066729792857,0.15375373699610467,8.05574099354914,2.0865910558996026,6.031603156081051,3.017614535242032,7.004728497160259,4.010622022750381,6.048403259247367,8.060971535665905,6.036724114457014,8.052570295720388,8.049086766496723,8.047591865794216,0.18223872020330886,0.1016785100196634,3.041093570633,8.043808041015238,2.0553395198546287,0.18510732263673946,1.1241834933643005,6.041410728778152,2.0653188581797086,8.064077038258427,7.024435073826611,3.02566532580771,1.1484727762090303,3.0401656412181053,4.01016039844123,2.056439557923639,7.011159479451355,1.152068964660589,8.032502146993165,6.040893080626614,1.2026888892004417,7.011455338438919,3.0370221863182607,8.045468277567148,5.057889447996283,8.050047010692643,1.204070178644341,2.073685049616256,8.04546660240789,0.24545235143229016,1.2311551124810138,4.0022154693782905,4.001779264735595,1.1747299494831498,3.0267766686492887,8.035269281012082,1.1489529129570415,0.25809667857206453,1.204970491876108,6.0323837868144725,4.015017211526782,6.023334608918057,0.18213703059369526,2.0578021619093847,7.003358385518641,2.045107760570764,6.035085662840039,1.2207978781900508,0.036458700811679394,2.10867606835101,6.0574035927688,0.21776009748309738,6.053072092356235,8.044442633928167,6.062509829897523,6.046047524232399,6.05460936037692,3.0198396192155164,2.042569779962354,7.014889635219309,3.024678540354464,4.01700724256245,0.1670751680935639
0.10091222537848299,0.9169669411434473,6,5.088701505433429,2.133682179758224,6.055560998432684,1.2263095226532332,0.16642230876914263,6.0577734280409565,6.060198669318805,2.0707530494182853,1.3988090272802212,2.059270047669952,4.011485254357966,1.3707990764423859,2.127373669930911,2.164661744573307,5.064758353831227,5.086529867531689,1.1151387765039564,2.1201038393418323,2.0343874403199145,2.1163056922802865,0.0,3.2437584403303275,1.0809279235204998,1.1901328580632227,2.1669332175844453,6.059756078815666,0.09705945749272368,4.006203944398295,1.1762163816268263,5.059278454673589,2.046836172564191,4.0107637205881135,6.056405908687604,4.010056447382464,6.053138630553035,6.040551125503605,6.029753870119964,2.1273607357586855,2.143776149108899,1.081284653694754,6.047860783132384,0.2733509437551968,2.158345247301941,1.234802238216147,4.007790912902031,0.2642592082710253,6.051646846743608,5.11054412971471,1.132054937868728,1.3337789100424224,1.0650313490085745,2.0427498627343423,0.2144018670801488,5.060994524256467,1.2837620909815015,6.030772426349052,4.007842517875348,1.3490661960785424,5.075799676754114,1.1559681341966652,6.050364100985838,3.2136869086577273,6.062941510325635,1.337752142999448,0.17578730901902237,6.03484570698511,2.199721649384927,1.3406124261242105,2.076598665198192,2.082854566659355,1.2453269551287836,1.1371453316043765,6.0481232390434885,1.2744492433756784,2.204842983912114,1.4060964607208413,4.0058807114304065,2.037796336788368,4.011097525002585,2.182198663969813,0.2151075419243555,5.048645292798689,0.2698629683362763,4.013912943740964,1.2750515510569456,2.1173401327319645,0.10032669167991222,4.030039731033077,2.180894245001111,4.033136217361248,6.036670952818165,4.025265156212719,4.0200037088159,4.03069443097736,1.1706266689886835,0.2838331356642116,5.078908455002419,1.1230235650488531,2.028340825833991,2.171153772074658
