X,Y,cluster,0,1,2,3,4,5,6,7,8,9,10,11,12,13,14,15,16,17,18,19,20,21,22,23,24,25,26,27,28,29,30,31,32,33,34,35,36,37,38,39,40,41,42,43,44,45,46,47,48,49,50,51,52,53,54,55,56,57,58,59,60,61,62,63,64,65,66,67,68,69,70,71,72,73,74,75,76,77,78,79,80,81,82,83,84,85,86,87,88,89,90,91,92,93,94,95,96,97,98,99
0.3707285712917481,0.831033180880214,6,0.0,2.051368322384102,1.1432452529331762,1.1782306518348677,5.085215150111501,1.0978991580797686,3.01449979009294,1.1704201340113485,1.2360313372225769,3.0228536758483893,0.049465560801993096,5.061363254100193,4.024934965606823,2.0933066806301497,1.2100783831281585,5.0400399213713865,3.0193661834319814,1.1941342941715762,4.023501864500574,2.0099564752166605,1.289332816375099,0.10897599692929413,2.0776305261073773,3.0192265347133684,2.050261056841119,4.008036175925344,0.22438589960168803,2.0256387378566867,2.0281914501594414,2.01692373660409,0.1342935291835676,4.032091046223349,1.162953180181942,4.015605105640883,5.037911451341861,3.013709894505598,1.1648835618905393,2.0868132527833074,6.030275085638973,3.019913079613908,2.0101880475655145,2.087544361049594,4.019489224659037,1.321654169347209,5.0429206291126825,6.039113281023977,5.033710271592987,3.003812767613874,0.04702865884444347,1.1366523159149255,2.0295532318740976,5.087308510429778,1.3385812380609123,4.008534649609682,2.0142844843639987,4.035479898510167,6.037614855340872,3.003606778660945,4.020164903046571,1.1459357971981226,0.07942303514351166,2.060717106073266,6.052483643345411,2.024461296988818,5.058433002736597,3.002404605947082,1.1786042243107537,4.029171428536937,6.048736382034616,1.1020501976863948,3.0062591407135804,5.052940122882831,5.0338880882959955,2.0549711838040956,1.2945580437991095,2.039763275557519,1.1302860987227195,4.007024467487514,2.018748064418713,1.181715621957462,5.066630433301696,3.01438588997056,1.2380997048998361,6.051778588733421,0.15849531535868194,2.031789165856844,5.063436027962032,2.0419914600708,2.0644901916407705,4.01648835482122,1.2771743461949032,4.007062317754709,5.090851063362256,1.1310335508953449,2.039592592850398,6.0359173734994656,1.3821406126833975,5.051254182806541,6.051685513834923,1.1275155154348886
0.8096139519883288,0.9554985041304369,8,2.051368322384102,0.0,1.3691271794840216,1.422547595273173,7.056405316373327,1.2796535920642413,5.04909664189936,3.0988332404667136,3.0951653457398396,5.067660036927536,2.0424556340276445,7.038696633670299,6.012540922950865,0.31840129618877355,3.1064686500541496,7.029696052881259,5.058486954207024,1.445224589542755,6.010036186011341,4.041824233866667,3.160385491993192,2.0458874993770433,0.14057890936312492,5.06072661176288,0.20174929425837457,6.012229359932129,2.021466897660478,4.046964412471763,4.060659786704799,4.042625281489649,2.060194948201998,6.009647599099172,1.375975931552166,6.013993717239624,7.026377461639914,5.054556468038278,1.370193672599775,0.2128299596212294,8.043857991344753,5.061846945424984,4.033306625245958,0.19040819700836445,6.012787283024676,3.141042039898232,7.023452988562209,8.062824158662801,7.018054743858873,5.035129740067667,2.0535451371461737,1.3827018946533653,4.044776309377883,7.056190678281001,3.136204189603245,6.011354392174537,4.049945117012911,6.02762735398249,8.056745175150086,5.035777277794294,6.016427208295132,1.36674740026382,2.0406972496949347,0.04419431319983903,8.073139793200413,0.14815165575353695,7.031633072184504,5.032287560261153,1.4301128208623968,6.021625016149221,8.073642752019026,1.329659438080987,5.038675237553189,7.026224734847898,7.023153255245173,4.045999006847784,3.120287305788227,4.0459451030914915,1.3202067557358586,6.007994382274093,0.1826388414870663,1.4192021246733806,7.042995680888563,5.055555624408148,3.094976539759447,8.063923772635064,2.0247511105193223,4.038021366430408,7.032105972037824,0.07591824837004857,4.065500166197529,6.006341884758718,3.134155038370424,6.015925441862542,7.058800014108346,1.332996901567942,0.22416220330874895,8.05346880362027,3.145673805859852,7.019097110190927,8.078434242884082,1.3187307340284116
0.0980934773172264,0.3486642205523901,7,1.1432452529331762,1.3691271794840216,0.0,0.07741787682088264,6.059722134666347,0.14862672747543174,4.008386677258339,2.0449889684916798,2.1021455127812407,4.024168933100835,1.1672926029813242,6.050223174882747,5.0456976119224795,1.367686701985177,2.063929043294771,6.03410234511655,4.041999547036349,0.10911432771760866,5.048893583573831,3.0223249365647535,2.059512208702873,1.1950891117352527,1.4072491525804343,4.009252543654165,1.2955648725463815,5.031271565333488,1.265171231595456,3.0180925027061236,3.0092802088164934,3.020319163149861,1.1886028313676136,5.060414231866307,0.08402363927009203,5.033665250406708,6.036006398796254,4.015938159310887,0.11245654283493522,1.4025878006310941,7.00721473705322,4.033708668840211,3.029039559710043,1.4176918908201488,5.0393738331891855,2.112150708160353,6.047169423558711,7.0027440742670635,6.043236476728103,4.03495898222217,1.1257068141903286,0.10890802815000622,3.021608709481769,6.063045275518798,2.1357307645250985,5.033030029344867,3.0167450818649826,5.033713348666915,7.0046298516860395,4.023196344835835,5.0339821692750135,0.025276111724772392,1.1837621649865022,1.3996839930255114,7.007174615432066,1.2951832309528577,6.056595525142904,4.024710562034566,0.09725187067377286,5.035392786242975,7.004446338453899,0.12375612513831341,4.016469896393547,6.0571965358666455,6.035523931185186,3.036156070869842,2.1171526843683477,3.0256373433401893,0.12483059317850193,5.039098759803865,1.2686407528416095,0.07557918142013487,6.051593732511489,4.015518302939448,2.1042965294295755,7.012141456363095,1.1833254503205128,3.030489630078097,6.063371584367197,1.3577931576750253,3.020442696073131,5.049343998232033,2.0816546411674275,5.025178076548096,6.064640957635016,0.08331368648196964,1.2602409471094806,7.005262818954827,2.165932164735508,6.067426852695012,7.004656127412472,0.11881838746607441
0.03228659795271693,0.30788454081163863,7,1.1782306518348677,1.422547595273173,0.07741787682088264,0.0,6.0670383208650716,0.2248209894935796,4.013420543308895,2.057498367554689,2.120285721615975,4.027722330587398,1.2046606266733817,6.0581958126866216,5.056435667249948,1.4207032040009797,2.0774198676046356,6.041336922074903,4.0476793381019895,0.0317386824121832,5.0600741786686125,3.032130912059497,2.0662599476238723,1.2326435146177122,1.4627470603168264,4.0128513468381435,1.3460742952386833,5.040469267556638,1.309630506737399,3.0275269235452766,3.016232243464608,3.030182781112634,1.2233833423986393,5.072668663326982,0.11852930894351917,5.043114748669853,6.04368127625902,4.02054176262846,0.14852285514947264,1.4578073645219503,7.009700904206119,4.038484243641618,3.0405108779086403,1.4735543712305779,5.049480093616381,2.1261081143663083,6.056087999775524,7.00292524972817,6.052201971323713,4.042936547376285,1.1598964689759943,0.11508668347150824,3.031723088599477,6.070675308896174,2.1522684300172057,5.0424657170774925,3.025182049971534,5.042251220232973,7.0056460627690615,4.030451904011699,5.04333471247893,0.08832306506662695,1.2219298308813393,1.4543046356921019,7.006928013722712,1.3440954124852749,6.065707519106631,4.032496393569007,0.034695606827135156,5.044541366080741,7.0037845442699505,0.16977208624557683,4.023071340985947,6.066786270235626,6.043402024382213,3.0478697385605478,2.1338624809904783,3.0361969502790305,0.1894245706553195,5.04924402872123,1.316086676562293,0.03621405196655644,6.059330088190923,4.019984845394533,2.122640719946546,7.0133590038778,1.225030289428473,3.0421900478351525,6.073035174929789,1.4099719747596833,3.0287290168666408,5.060714832929193,2.093650440084755,5.03349462779068,6.072186483487202,0.1514428897322197,1.3087848987264972,7.006660688080285,2.183952052284188,6.078427095140285,7.003521252379076,0.18548460020640897
0.8995747570894446,0.069629979750374,1,5.085215150111501,7.056405316373327,6.059722134666347,6.0670383208650716,0.0,6.045217071501906,2.173986074595325,4.022461597944395,4.005758051969168,2.303461066478328,5.087242758759028,0.15474543151752393,1.1318319275582753,7.026959487218984,4.014336243792987,0.2931154353308098,2.338582989281513,6.070103467720916,1.1487804799657655,3.1066169557140126,4.0236989241084675,5.10176245876823,7.047315817902484,2.222155092583487,7.033863517730151,1.2112810507714127,5.099920233678597,3.0753748637089657,3.096376303300752,3.087484345945239,5.111004289656369,1.1414982491135828,6.050614953127273,1.158731096844176,0.3144273443766691,2.241534926733474,6.0468066002856355,7.039482614003788,1.1324837618805694,2.3225196209452657,3.0919074348858344,7.043782512749572,1.1463142245355753,4.005228845131132,0.31759982939766535,1.2351885076383644,0.39263862465953653,2.2557345666030693,5.077854965196008,6.074706231096488,3.0656930088053955,0.026784252949649024,4.001837769704734,1.2100601546354277,3.111137315141496,1.0744973802613076,1.1831333500326073,2.2128734130064736,1.1335180639418039,6.056483693480775,5.092504242504829,7.059758889437626,1.2147888327101466,7.058981982661718,0.2304519170197745,2.2046771009219737,6.072028140171537,1.0956127908752356,1.2591835139616643,6.069087717717838,2.1885390140388075,0.2925585462312252,0.35211369788248553,3.036858994596815,4.003042406893512,3.052511820911928,6.043706457113651,1.2422987507818204,7.056543064580169,6.062333790599385,0.11532417020232194,2.242204977807533,4.005458563301838,1.1305724266231671,5.068536750897982,3.056520676636503,0.24515576614529092,7.063015928525528,3.044503788907451,1.1965122552313596,4.010856205996822,1.2145381812282467,0.03467657556496257,6.048863874775562,7.033139376268454,1.1667645124249109,4.000656150833953,0.4120177366804978,1.2868945071697362,6.044588852617577
0.23844030256750437,0.3975791749347075,7,1.0978991580797686,1.2796535920642413,0.14862672747543174,0.2248209894935796,6.045217071501906,0.0,4.004180484272362,2.0246143847536016,2.0685955739168578,4.024987288815757,1.1170692493937797,6.035266298230075,5.027897567360882,1.2709908360465267,2.040313431913975,6.02132157504779,4.039638078540107,0.255972975318748,5.030442228043446,3.010748415607181,2.0475068279123976,1.1461464097738017,1.310074724693273,4.008506330488743,1.2081541629760975,5.017466095150472,1.2003825405949138,3.005727976548229,3.0022499112672074,3.0077883010552644,1.1466291968553286,5.039659113758965,0.14786486059891873,5.018744841713835,6.022507034994407,4.013840048041312,0.14558809458600425,1.3040197289163609,7.003743167501443,4.032702621712101,3.0138061132717624,1.3185132934900625,5.023020008940476,2.0846464011868315,6.031216300987575,7.003883976273549,6.027619972901682,4.027099858221925,1.0810134089414527,0.22218412562312442,3.007531893602047,6.047897940562278,2.10276444353928,5.018756450932168,3.0077945105329214,5.019277307403245,7.0039540296525695,4.0158717026306805,5.018913291117888,0.13776241261065128,1.1324327234566243,1.3076398560383053,7.008578031610518,1.2176690284370304,6.039690435957736,4.0162717588976795,0.24552198703879444,5.020156479751099,7.00700569806543,0.17519263175240568,4.009834902266559,6.039657441518416,6.021837396381801,3.017449637711891,2.084891574597851,3.0100138209856295,0.07373224325509521,5.023817825007558,1.194249385680241,0.2122079894437167,6.036890914154499,4.013670438342637,2.070295875032362,7.010361608340137,1.1208206672530345,3.0130578855278682,6.045314359751582,1.272767959252392,3.0081951112740706,5.031122629030286,2.059190681505229,5.0130701533495765,6.049548247207718,0.08299347860718366,1.1775682943505297,7.003835042026813,2.129137767299675,6.047555053948897,7.008177985369238,0.06771690088012298
0.2165161057420928,0.5791850124543266,3,3.01449979009294,5.04909664189936,4.008386677258339,4.013420543308895,2.173986074595325,4.004180484272362,0.0,2.0498803152598124,2.099138017048055,0.29194752847127753,3.0196357724675824,2.132999873682601,1.127350143342517,5.0574891232363814,2.0710890053645996,2.083749353495611,0.388841197912246,4.015973985698682,1.1324684680499721,1.007529230242124,2.090899742922086,3.0259503302995614,5.059973852100294,0.12068748222536478,5.038749516969702,1.061120000571711,3.044356720093096,1.0165869734332682,1.0039659592620473,1.011545262644093,3.0248524684678615,1.17402896303008,4.011701312967077,1.0812741750463213,2.0842748289501754,0.16397856427069812,4.012413065852021,5.061186409466893,3.025598485494931,0.3426565270034053,1.0191612353229151,5.063533132001183,1.1024268266547588,2.1289340794879115,2.1073694319810325,3.027792412388132,2.0906703422372206,0.28461729557201243,3.0112492065708034,4.0080247881379965,1.026235764625601,2.1812957116544047,2.1466594287523364,1.0665266280679075,1.0023545144436108,1.1167218770362364,3.0290053141934123,0.17735584673655863,1.0903419369200302,4.008852030403602,3.023297494008927,5.055364816588969,3.0459594386955433,5.033348224539596,2.1394287413192816,0.1873627051206362,4.013612577896726,1.10982482277158,3.0388251565727384,4.003812311851898,0.10484808975655846,2.1341396174719374,2.0788604592831135,1.0732848391003293,2.123832648184693,1.0425503171862185,4.0080086049276105,1.0788466932203478,5.028646724572123,4.0139717990911645,2.141008117878233,0.16414505594467765,2.100885491534247,3.05188638305969,3.0251672422113267,1.0427086568207673,2.1553164779098286,5.045534015802422,1.0574860849099335,1.1211686903096105,2.0995511098205513,1.0435576870430552,2.187578539664027,4.007427657276426,5.031866830655471,3.028284117314362,2.175872104376493,2.1477140056547626,3.0417060653669306,4.007525785467334
0.5103750172993009,0.2391023063546469,5,1.1704201340113485,3.0988332404667136,2.0449889684916798,2.057498367554689,4.022461597944395,2.0246143847536016,2.0498803152598124,0.0,0.22112397932978461,2.132654781905724,1.1853471258671897,4.015768989578162,3.0271533977751357,3.0669557381262043,0.08967074746040321,4.007159441530898,2.166064506009025,2.0631416311509616,3.0325734842003187,1.0918498948137174,0.2208335046770274,1.228038921365368,3.097266194224603,2.076409947984767,3.0590682873936568,3.030306065741466,1.2562183449583189,1.0435299514217193,1.062973712122779,1.0629128051974093,1.2442654014194834,3.0404541924981556,2.033047717336261,3.0225023285248676,4.009081357776612,2.0919505333491495,2.0281189809648494,3.087864048125147,5.001409746071391,2.150604732788827,1.0794758297710194,3.095812234406644,3.0247144596140316,0.2802244472230056,4.017083360270711,5.011248683385475,4.017038818223696,2.114885109428574,1.1468452577679291,2.067917901959816,1.034399603994421,4.024897957101772,0.3354143910558435,3.0314081418209637,1.0917882752278618,3.008679757262587,5.006107673617652,2.0822176817702305,3.0183653885254533,2.040399335448144,1.2037664427379686,3.109056607772968,5.0124994429292045,3.0864666814955304,4.021634038484606,2.0791223299167143,2.065150030700705,3.0131991024457214,5.015944734671523,2.0590137196701543,2.063845188264322,4.023628113008144,4.010008124280527,1.0141360193148625,0.2741329464026571,1.0214902991110588,2.0227147052782954,3.042222509401666,3.078553968614894,2.05071865292872,4.016427115902772,2.0920027719964245,0.2281518045871668,5.005807494563122,1.1529527495289376,1.0328446407115746,4.026992554355067,3.1036824699570404,1.0056066995408557,3.0414731680635345,0.19205424353549216,3.026354933714864,4.026265161356345,2.0293955412197895,3.0512227369195224,5.0044833291621105,0.41574637855571045,4.035543147878462,5.0197604958892255,2.0237651994152945
0.7277032201534863,0.19830688407703034,5,1.2360313372225769,3.0951653457398396,2.1021455127812407,2.120285721615975,4.005758051969168,2.0685955739168578,2.099138017048055,0.22112397932978461,0.0,2.2048789001231124,1.2453812114221314,4.002431884045615,3.0234741671822536,3.048162537223536,0.14855727872983582,4.001686667087748,2.2360602630665953,2.1280574901539735,3.028728570415416,1.163568905354199,0.31509506920845365,1.2927601470137349,3.0841276070617467,2.137400773294649,3.0522566288857145,3.040421007808735,1.2981613458551033,1.1018538153264905,1.1422206009039044,1.125746030420268,1.319158911642227,3.0306490339942305,2.084041248439106,3.026861091519437,4.002961948582087,2.1531937489690014,2.0761019716669433,3.0712243429938795,5.011333535384489,2.2215962208905795,1.1364828588012932,3.079558442906057,3.0252426977922386,0.16935372102402094,4.006186653541092,5.029795435613096,4.008954168361473,2.1673729954337735,1.211159680295354,2.1340784623839664,1.083772488779213,4.006824240662083,0.16559043024631767,3.0405323024000666,1.1714666110189393,3.0068076029138835,5.020606123641373,2.1311503517030395,3.0205353918738993,2.095377095038946,1.2635639171703792,3.1034475087470272,5.028848146298334,3.093108629485029,4.006010975402128,2.1249990011646913,2.131035530458728,3.0118530120965867,5.035924947499457,2.1200687493697856,2.1110584960331154,4.008327386275829,4.0045967763490875,1.0333522493509526,0.10027318961387446,1.0595963792172565,2.0671731410981913,3.051326120132007,3.0870180422802473,2.1104602588699684,4.002517024455554,2.1537199625540797,0.007152542999340354,5.015037335091069,1.1904893919330404,1.0682262591808465,4.008805534990515,3.104965669702071,1.0460440830194186,3.04146154779054,0.1764643008460475,3.039867816590457,4.007733615712236,2.0781472045835985,3.0481506131877336,5.0176278789165165,0.2283533033266437,4.017984701287407,5.041602628790559,2.0688660118546505
0.003426497972947029,0.7787499854362581,3,3.0228536758483893,5.067660036927536,4.024168933100835,4.027722330587398,2.303461066478328,4.024987288815757,0.29194752847127753,2.132654781905724,2.2048789001231124,0.0,3.028030595543358,2.248245851803949,1.2569603277804187,5.0935408307890375,2.1651431624151054,2.180646862055489,0.15369901893720112,4.029805118466421,1.2569138760118999,1.06012102948192,2.187582754259896,3.027701720504085,5.086375337179151,0.18681384370173532,5.065540215299078,1.150851919350324,3.051980254741583,1.1038209290106147,1.0698691819409294,1.084820981776216,3.0212100860294973,1.3079219254105205,4.033450995475832,1.194192002892931,2.179717848578052,0.1310741254477512,4.036304175728886,5.091922633952451,3.0748237402122984,0.08825281397390569,1.0879295317444002,5.092813146040987,1.2230435835533864,2.2453600773215117,2.207893125211845,3.066055389554199,2.1818791763917833,0.23544884730376112,3.0230901615958934,4.0158995847268,1.1244475385775623,2.312376941773247,2.2690768424399805,1.157585792420348,1.0505044389109814,1.2659903536338424,3.0741045577718937,0.2430437286450873,1.2139896605644935,4.026464124767149,3.0296013002209117,5.0741649614066935,3.0936608885064993,5.045995873846804,2.252816867989334,0.2737642654035822,4.025434797963682,1.2501319523991556,3.0782264814797227,4.012540372820009,0.2680135870422309,2.242849588812576,2.170387088507402,1.2067701970403046,2.2389935753871244,1.1565215791524799,4.031410936178585,1.1594990009332318,5.041141428129155,4.0308945794469535,2.2596620679216586,0.12917458044182614,2.2072303773058968,3.111376937524209,3.0457335432595825,1.151565067892198,2.272026736796641,5.059780544693406,1.1847733480609115,1.2266394956338451,2.2048332803053143,1.1294277019631043,2.320468491379994,4.028118252319585,5.057005455319353,3.074972280105562,2.3064815760293933,2.2519779353868707,3.0784956764385,4.030290557014091
0.4049563887530214,0.8667444986561437,6,0.049465560801993096,2.0424556340276445,1.1672926029813242,1.2046606266733817,5.087242758759028,1.1170692493937797,3.0196357724675824,1.1853471258671897,1.2453812114221314,3.028030595543358,0.0,5.062566751045656,4.024402810212739,2.0866475181852127,1.2242249952520967,5.041452934316267,3.0223457698923895,1.2214825269896208,4.022532040926332,2.0147899879434483,1.3099733846876251,0.07741985800427406,2.0680544441488538,3.0251444685737092,2.0447739765067463,4.00820638722281,0.17497570951353086,2.0316355700211775,2.036124417840882,2.0221750717041913,0.12467891605179926,4.030397657142047,1.1872116736104015,4.0158803938019805,5.03894674874361,3.0185304626300273,1.1887466806701257,2.077956179444645,6.0339269014426336,3.023831562009351,2.0137289519323724,2.077968741997265,4.019337550862583,1.3356198134408075,5.043071806555499,6.044285812500293,5.033637496597264,3.0055141495284228,0.08724416585654642,1.1609524484067428,2.0351396044228918,5.089124434929647,1.3499990262194632,4.008526121786168,2.020375603334176,4.037042145690773,6.042300287231567,3.0063564849651048,4.020672046559343,1.1698729666702146,0.034676122298518304,2.050783706610447,6.058187560611063,2.0180632862683745,5.058696915813706,3.004771108176234,1.2052844538315772,4.030094844799851,6.054574347424784,1.1236641821946838,3.009837205191243,5.0527279769345075,5.034684913145274,2.0598645226826213,1.3056918057113405,2.0452925317416697,1.151662409980759,4.006294752550721,2.0133753888155126,1.2080157085107037,5.068092552478683,3.0193225857811763,1.2472368964047105,6.056627944129964,0.1345438595486573,2.036069696654166,5.06333455045972,2.033333338932129,2.0725385551456537,4.01508660320452,1.2929936428376052,4.00790936105057,5.092773913512302,1.1532166215008002,2.0353106597043693,6.040346237531186,1.3921310739347235,5.04983190021513,6.057825347360861,1.1488486697252405
0.86541969735723,0.220559037490206,1,5.061363254100193,7.038696633670299,6.050223174882747,6.0581958126866216,0.15474543151752393,6.035266298230075,2.132999873682601,4.015768989578162,4.002431884045615,2.248245851803949,5.062566751045656,0.0,1.0684424550521836,7.015876578244662,4.010351348207896,0.15821609604416315,2.2749811171956273,6.061576093119781,1.0811466961163514,3.076473166110549,4.0247522023163995,5.074813500780709,7.031701589866698,2.1774147349097177,7.020462370669933,1.1352338133774338,5.072128917559846,3.0518549669637163,3.0718010381674627,3.0608992493339486,5.083270937219268,1.0758233715100307,6.043076275248956,1.0915802910778873,0.16890351675862245,2.19148601188708,6.039774001582077,7.025593118781442,1.1063572128740402,2.262426486792503,3.0627379450139314,7.0290649533700655,1.0804256035154358,4.007940899767145,0.16357874017861126,1.2123895884633418,0.2378936411985893,2.1968984984305777,5.055400366733229,6.062951378883193,3.043537415984172,0.15816942105723908,4.004873903423911,1.1336101116323907,3.081786356479416,1.0321555514856677,1.1628628490591688,2.1608824294945075,1.0721029754956506,6.047500203475008,5.066843064141823,7.041598745393582,1.207415680686288,7.040709557244961,0.09703219673826938,2.152802437528086,6.062555040304469,1.0446247776906539,1.243997449020526,6.056450126345509,2.141442307193943,0.15371612977062138,0.203560991730814,3.020567681746188,4.003589319703857,3.033099377313475,6.035444418002978,1.159422909664665,7.038735901601963,6.054237673944287,0.039982998667206476,2.192399311301388,4.002191987302498,1.1290616343257638,5.046220927386536,3.0347808222424266,0.13484230324725496,7.0440978110475845,3.0306835711006066,1.1192726192993334,4.011248622451558,1.1405788305215212,0.1785375551209852,6.040082832042325,7.019826594786,1.145691060952507,4.005517494221424,0.2806867745762886,1.271829387382551,6.03610729640199
0.7369905841164412,0.5742188212232762,2,4.024934965606823,6.012540922950865,5.0456976119224795,5.056435667249948,1.1318319275582753,5.027897567360882,1.127350143342517,3.0271533977751357,3.0234741671822536,1.2569603277804187,4.024402810212739,1.0684424550521836,0.0,6.005468456472692,3.029527948875026,1.0332919797557385,1.2673020467399658,5.061109298551283,0.04102207379695045,2.0428791930330377,3.0622732042085943,4.0325810307819605,6.011133161663373,1.1848236521330562,6.003197976340562,0.19712669286655354,4.028428312735222,2.031599456995455,2.054496739303001,2.0336394246272866,4.039999129337283,0.10234136785191883,5.043148606021457,0.11015645400175886,1.0251067260398719,1.1863865901492407,5.040887205761752,6.009044399665939,2.0588434796733117,1.2607137655966356,2.028028955502001,6.010831818898847,0.057566988539908166,3.048941464943144,1.0243993897161419,2.114387255329302,1.0101931265607107,1.161032576482781,4.021720946109025,5.053778353516601,2.02520318206767,1.1337968031851227,3.047218572594066,0.18684701762914838,2.0523829359018793,0.18937230881101505,2.0931565752810304,1.1288157029184105,0.0936377449651667,5.0440783190822716,4.026834881606406,6.014944850839877,2.133132107549165,6.012141788333614,1.0536850218477727,1.1160416959985386,5.059589792734685,0.12483688015760463,2.1413643705995113,5.044116942264959,1.116337645289996,1.0402976494222729,1.0171486195229504,2.0151798275467305,3.037294212935721,2.0206829609221684,5.032696101887578,0.22084311741879484,6.010874164780829,5.054066335442391,1.0826643361632073,1.188831287133713,3.023456702333994,2.1016159265932663,4.012539358690478,2.0154245674556415,1.0620196967277165,6.014996577045532,2.0360729518794733,0.1272939556523808,3.04465673635112,0.23656125905428116,1.1435694340077112,5.036394105419934,6.002250349151315,2.0837825945628827,3.0548811493824655,1.0370747506475226,2.156349476702784,5.032823839755477
0.9701262149850554,0.6805163249944777,8,2.0933066806301497,0.31840129618877355,1.367686701985177,1.4207032040009797,7.026959487218984,1.2709908360465267,5.0574891232363814,3.0669557381262043,3.048162537223536,5.0935408307890375,2.0866475181852127,7.015876578244662,6.005468456472692,0.0,3.0659683673930873,7.013436399244165,5.091186745283753,1.4427960568152534,6.004520399057194,4.051880073818552,3.112353372859577,2.101564113647037,0.20753597837194765,5.074942810456861,0.17134067003888548,6.013937929706552,2.0748737675434503,4.046034254350949,4.064176456989547,4.046469822369806,2.122096603399625,6.001973243554809,1.355044146971509,6.010474664306443,7.01107712955603,5.073110212235084,1.3430062063675396,0.1307285304109667,8.033610325186439,5.091651348539574,4.039876827236697,0.1702140623120789,6.0077373800282485,3.081394723377916,7.007308707257263,8.054864597851669,7.00549563486195,5.05882954116367,2.0888741359762717,1.4050302000893429,4.040809895104602,7.026329447187141,3.073046645702787,6.012929949295716,4.06009868829272,6.013926410760992,8.046712534910453,5.05281188526228,6.010182938390873,1.359715684990661,2.0892669468623457,0.32951238383367903,8.060557630267864,0.4087157721218329,7.0105539800343015,5.048484825125588,1.4351895205948129,6.010843309736934,8.064253156566743,1.355485106110293,5.05134269055186,7.007423283710585,7.009512477741723,4.030520724278982,3.063860322834453,4.036891349087868,1.2988918992579088,6.012374095043588,0.4152964022132044,1.409595697510735,7.018556881571685,5.074034156416557,3.047597002651247,8.047704296802262,2.052511232887806,4.031662109167032,7.0101156290476085,0.3884627862933878,4.049560125234948,6.005695161318027,3.082870598649391,6.017839943731723,7.028056771346626,1.319288411431098,0.21812796325262668,8.043155687734775,3.075959218837485,7.003162239382047,8.069660072557344,1.2996303408835264
0.5799816715755237,0.1825712827430246,5,1.2100783831281585,3.1064686500541496,2.063929043294771,2.0774198676046356,4.014336243792987,2.040313431913975,2.0710890053645996,0.08967074746040321,0.14855727872983582,2.1651431624151054,1.2242249952520967,4.010351348207896,3.029527948875026,3.0659683673930873,0.0,4.005269457164782,2.200618934914191,2.083377069820417,3.0354589098784097,1.1273268982106344,0.19626917457860182,1.2702819141543764,3.1008890925675354,2.102226686728479,3.06295466868376,3.0383713139182,1.2926211899670026,1.0700331935150644,1.0962326790381915,1.093161130730529,1.2900208123475634,3.041450035213924,2.0485442190102554,3.0276523059083047,4.007369891368338,2.119546632343771,2.0423292297635958,3.089367412221735,5.003731761974919,2.1843122191842057,1.1100734820792775,3.097975784649067,3.0285983631708606,0.19207478929561866,4.014211128412684,5.015850031730819,4.015811586874469,2.1427568823875176,1.184737830489664,2.091317198476217,1.057239374713156,4.016388276381339,0.2459150478431143,3.039236823746931,1.1289000741754125,3.0090560566563824,5.0093529565866906,2.106851104418088,3.0221448110608025,2.0582812598366917,1.2434846979965004,3.1164482960502,5.015361690678827,3.097334355673559,4.016335668665895,2.102832047843321,2.0864825528420545,3.0147117519110185,5.020406195318172,2.0817775948737425,2.0864122887183587,4.0191016494811285,4.008947844751453,1.0234281774300127,0.18593473528069202,1.0388144406389281,2.037043022952899,3.051006220771107,3.0896186247481943,2.069138208270904,4.010394514651623,2.119659164745672,0.1556745755277476,5.006285908136087,1.1830953194156026,1.0513815711057801,4.020931174823511,3.1134864793851103,1.0186553281045416,3.04677668392006,0.11349519370283152,3.0351445747379144,4.0173934567940215,2.0453742839801636,3.0560797041567485,5.007393293252612,0.32664641831164176,4.0314854107147395,5.024748666538256,2.038466965716247
0.7377749997978004,0.3140425346028921,1,5.0400399213713865,7.029696052881259,6.03410234511655,6.041336922074903,0.2931154353308098,6.02132157504779,2.083749353495611,4.007159441530898,4.001686667087748,2.180646862055489,5.041452934316267,0.15821609604416315,1.0332919797557385,7.013436399244165,4.005269457164782,0.0,2.20420649343726,6.0444632188731156,1.0440679560794248,3.0453368505992002,4.0197866471983374,5.051746134585331,7.025842329385179,2.120554849453395,7.01422951635851,1.0739254414751198,5.051484721388008,3.0269270331722122,3.042275322381331,3.0334674973021,5.058381017226555,1.0486332798301452,6.029038381928196,1.042682908251021,0.04011555083177883,2.1318212211077427,6.026527193477107,7.021342566596038,1.0615398311526352,2.192947681782098,3.034992845843059,7.024336841858326,1.037752832528111,4.010159582058866,0.1329368479148095,1.153070828611567,0.15712199714422911,2.137087347196041,5.035060384990417,6.044030545870277,3.0209793562473415,0.30466349466890214,4.009498302949006,1.073477585531918,3.049509802564523,1.0049998817590284,1.112119282915443,2.1062628373695254,1.0292530070284154,6.032032949699324,5.045176945945563,7.0328215814665676,1.1606383137276801,7.029116210664641,0.185481131543343,2.099748959258735,6.04480140850837,1.0122853316671059,1.1867159591116916,6.038056607882583,2.0901271723415347,0.1963099599009965,0.0758137675408362,3.0063348480126613,4.005742431251804,3.0139851258805583,6.022238695597196,1.0963337090224858,7.026960860257226,6.038312328248026,0.18675669421848679,2.132627114337905,4.00167413741239,1.0989244964222527,5.029172150594131,3.0149586275686135,0.23373585964603583,7.033397272081036,3.013971609665229,1.0717211245412108,4.009538323863821,1.0756421728042989,0.32349204818174576,6.025851565240846,7.012801275300485,1.0970774531675658,4.01328886962698,0.2986820094315421,1.2117650909414395,6.022679737384022
0.043134188016541786,0.9272312562203536,3,3.0193661834319814,5.058486954207024,4.041999547036349,4.0476793381019895,2.338582989281513,4.039638078540107,0.388841197912246,2.166064506009025,2.2360602630665953,0.15369901893720112,3.0223457698923895,2.2749811171956273,1.2673020467399658,5.091186745283753,2.200618934914191,2.20420649343726,0.0,4.050678118840529,1.2622716380595678,1.0789693890795105,2.23537522444323,3.0187710599207978,5.078370190835316,0.3122325450177155,5.062237614339952,1.156714800155836,3.0383776894340375,1.1364173841146636,1.1077290998082618,1.1105650088012147,3.01242869232583,1.310344539843851,4.053240003491752,1.206969680982332,2.2005557441596557,0.23197823995100422,4.056334908508017,5.085786311921457,3.10014060786813,0.06544652534711341,1.1040029782653218,5.085503496888107,1.2341370646321483,2.287350431084925,2.2245149839343825,3.0968582357189094,2.194743393713756,0.19075175632019625,3.021824879029118,4.031858006292563,1.1574186404817028,2.3466165422682157,2.3085508737876546,1.1621676487336947,1.0748953099616467,1.2988295980776827,3.1039426691040046,0.2660468507480802,1.2315307827159752,4.044703725568364,3.02218526698653,5.063891884684734,3.1294951686959127,5.038152923586708,2.273389037698213,0.28884609982433324,4.0449879252155725,1.275408062233406,3.112820960324015,4.026097818138844,0.325072587586134,2.2593503882767667,2.1887608177508544,1.2442330503339276,2.275813299606793,1.1926650578677866,4.048837823478225,1.1548381636654361,5.034392263498962,4.05145414661284,2.288797219175753,0.23477516459493647,2.2382499889237777,3.1454739730884786,3.0411133723445043,1.1806123069067858,2.291250822761386,5.049818039536722,1.2356219732586635,1.2231347564627195,2.2465758873771415,1.1406056319209206,2.3557721325114245,4.045513801346259,5.054629519340039,3.103823816934314,2.346012144028906,2.2600595399580747,3.114065155236066,4.047486810120868
0.006382134630305347,0.28954598194679704,7,1.1941342941715762,1.445224589542755,0.10911432771760866,0.0317386824121832,6.070103467720916,0.255972975318748,4.015973985698682,2.0631416311509616,2.1280574901539735,4.029805118466421,1.2214825269896208,6.061576093119781,5.061109298551283,1.4427960568152534,2.083377069820417,6.0444632188731156,4.050678118840529,0.0,5.06493912101384,3.0367840277383373,2.0694086652276753,1.249621738661729,1.4860450701357417,4.014864610138693,1.3674225348610316,5.04458016988709,1.3291809323478814,3.0319404261305767,3.0196742534519863,3.0348091683055776,1.2393575418729832,5.077954539893327,0.14157497615258433,5.04729004245012,6.046993911166971,4.022997081819456,0.17012346807373863,1.4808936048354282,7.0108933558284035,4.041093789353677,3.0458106634116104,1.4969265660271973,5.053911447171414,2.132070526583145,6.059901457510408,7.0031923756180205,6.056060064409804,4.046802558583287,1.1754427275921453,0.13295959602344537,3.0363876218134895,6.07386547620106,2.1592415008216586,5.046672475864647,3.0292808197348484,5.0459808950168235,7.006239708933545,4.0339746829086955,5.0474506649071005,0.11873414058834371,1.2390869256307624,1.4774389319574759,7.0069877281429065,1.365175810720577,6.06956461683503,4.0362284410523905,0.0375287305474933,5.048541110947757,7.003697129865435,0.19558085460480304,4.026295213829429,6.070854250807354,6.046809327588283,3.053088500097455,2.14096856358225,3.0410004258428747,0.2175353112802084,5.053759746643434,1.336608306888646,0.05325057671703948,6.062602454243701,4.022383795996454,2.1304911392786043,7.013991271822664,1.243346799986694,3.0474780459504234,6.077110533635394,1.432269127351224,3.032552657643261,5.065692458910322,2.098898654623088,5.037248455559809,6.075335862135966,0.1809279041833626,1.3294126772845913,7.007408250147968,2.1914628311453113,6.083089917416359,7.003244835113128,0.2141844139246056
0.7468653630379802,0.6140346381790185,2,4.023501864500574,6.010036186011341,5.048893583573831,5.0600741786686125,1.1487804799657655,5.030442228043446,1.1324684680499721,3.0325734842003187,3.028728570415416,1.2569138760118999,4.022532040926332,1.0811466961163514,0.04102207379695045,6.004520399057194,3.0354589098784097,1.0440679560794248,1.2622716380595678,5.06493912101384,0.0,2.0440677732042927,3.070580455000956,4.030056938482812,6.00890043235767,1.1892407694515053,6.0020180220348145,0.1920878032013666,4.024967743507393,2.0349736458009113,2.05840408247702,2.035916992454774,4.037501177927672,0.08367717303489072,5.046784265364488,0.12196469936820964,1.0344236715521726,1.1878777045829916,5.044583792816269,6.007237643382269,2.067584741209883,1.257792819651066,2.0289208687684757,6.008759372716258,0.07224116217042957,3.056420292412496,1.0315082833538047,2.1249382704700186,1.0150795853050023,1.1561904350135317,4.020735428162776,5.056548719501238,2.02875083481208,1.1503244464335787,3.054299794838314,0.1794322382778212,2.0543002252246314,0.2303016635026731,2.103498010361679,1.1275138562404001,0.12173029168832758,5.0473683002425895,4.024616494379245,6.012194276956725,2.1456746053868643,6.009925691763591,1.0631042150591261,1.1143584677145835,5.063132666865316,0.16523204399959787,2.1532824939187196,5.04638543671409,1.1176836500092868,1.047434437594269,1.0250720080472007,2.0198972356359395,3.0437525638159726,2.0248979926697963,5.0358389967204555,0.20083035612623815,6.008901015307471,5.057843460023431,1.0966238082075637,1.1905184373343385,3.0286873978022335,2.1137921340450276,4.010896502917668,2.0185188883760627,1.0707261170056013,6.012310240400964,2.0427510275257434,0.09241836761428714,3.051923863334654,0.2389470658481493,1.1606042471142641,5.0395187394327525,6.0012735547209815,2.0937938134395244,3.0621047787689695,1.0394126282530307,2.1685457166581115,5.035915158437952
0.3253080792351536,0.6364515497668961,4,2.0099564752166605,4.041824233866667,3.0223249365647535,3.032130912059497,3.1066169557140126,3.010748415607181,1.007529230242124,1.0918498948137174,1.163568905354199,1.06012102948192,2.0147899879434483,3.076473166110549,2.0428791930330377,4.051880073818552,1.1273268982106344,3.0453368505992002,1.0789693890795105,3.0367840277383373,2.0440677732042927,0.0,1.1816996139288818,2.023571323850485,4.053157067743423,1.0244783011349494,4.031604142224062,2.014054061501104,2.0418771663688093,0.14009334223276337,0.1383595920226618,0.079078661129421,2.0249724225761057,2.0629281265667863,3.0262201990940447,2.0233110114394295,3.0443627079568922,1.0247776078347428,3.0264540074030513,4.054758622916092,4.021364960742403,1.0683347665360667,0.08080297665738315,4.057060606293586,2.031940704899743,1.2269142849190064,3.0562155232570523,4.029506845101624,3.0448195239267526,1.0305923511277462,2.0061085268703267,3.02335192784622,0.1789516273220484,3.1107269087922336,1.2497495772948832,2.0159398210664983,0.05429361688515849,2.0452301982862098,4.028002124767779,1.0100881042418621,2.0283325877129177,3.0225670291127793,2.0191442264717865,4.048345625381549,4.044101170666346,4.026232747523671,3.077454880219564,1.0084014242008787,3.0330650476476255,2.03929933992938,4.040045450665338,3.014607685740057,1.0035590319035426,3.0724224310395596,3.0401234181636902,0.3351859381183908,1.2105259528325267,0.24543996180691002,3.017831485588437,2.0198526052081918,4.021608003914685,3.032345736930317,3.082661672487012,1.0256506048954397,1.1660497954468367,4.044345173247553,2.0179697240382923,0.22357750225459627,3.0867113427630386,4.038446116444437,0.33484418790191045,2.037464465542754,1.1818987075058538,2.0084261690423824,3.1153363610022597,3.018279435394523,4.024747054300955,4.02639070411571,1.2942807569228532,3.0775763339086994,4.043546590499665,3.0172195620818005
0.4660349082188584,0.022766013711287725,5,1.289332816375099,3.160385491993192,2.059512208702873,2.0662599476238723,4.0236989241084675,2.0475068279123976,2.090899742922086,0.2208335046770274,0.31509506920845365,2.187582754259896,1.3099733846876251,4.0247522023163995,3.0622732042085943,3.112353372859577,0.19626917457860182,4.0197866471983374,2.23537522444323,2.0694086652276753,3.070580455000956,1.1816996139288818,0.0,1.3595312775056374,3.15567259677811,2.1187988509150806,3.1074767045102587,3.069150868524206,1.39877530011063,1.115322427099414,1.128835433050122,1.144240821205856,1.3742949763500099,3.079689356004147,2.041554743098149,3.0570682462052754,4.023818479175964,2.1428158579482064,2.0357237031972133,3.1419107279540133,5.004751837855381,2.213891772881402,1.1725084927146707,3.1524733674527705,3.059837008212504,0.232699243035146,4.034653018941146,5.010282147035093,4.037874624010824,2.18318139543604,1.260174900864814,2.0881813233104283,1.1047935200604857,4.026682135810688,0.3160976223108257,3.0708615178162075,1.1750656299252966,3.0303345419429784,5.00568917753663,2.140970304421641,3.0499656521157994,2.053627003182758,1.3323804026702577,3.172854869402939,5.006632938917797,3.1457020012764283,4.035436903416794,2.138862446584827,2.075247604372179,3.0396885901628794,5.011567822649876,2.085765503408063,2.1154574626689593,4.040799840656064,4.026784334481969,1.072986367238808,0.2908352965050931,1.085632081820549,2.0376591947899603,3.0865403125844333,3.135497390476716,2.0575590561812103,4.023300299021588,2.1422900255438146,0.32107690457263904,5.000900759294699,1.275857706855307,1.1074105322411014,4.041585872876238,3.1672085698086354,1.0448107280998402,3.0847548840802363,0.14705937329620944,3.0626636012483743,4.027025819875502,2.0446876856323,3.0977817267495444,5.004858278286714,0.3918091327941131,4.059247291614563,5.014623829229763,2.039415313220638
