X,Y,cluster,0,1,2,3,4,5,6,7,8,9,10,11,12,13,14,15,16,17,18,19,20,21,22,23,24,25,26,27,28,29,30,31,32,33,34,35,36,37,38,39,40,41,42,43,44,45,46,47,48,49
0.42478999079375723,0.8792482290078211,2,0.0,0.17040093461914324,1.179549031787327,2.0678873169812837,2.01383275445777,1.1241696894175854,0.2937066824953999,1.1559060734167028,1.151562582154771,1.2426745936835395,0.3727568236293239,1.152771275401685,0.43617211731451433,1.309017889606841,1.1471409210770367,1.2443214364548572,0.338731829020501,1.0797652229195087,0.3120693721366349,0.15662436431809157,1.1207791821318762,2.0315503313866334,1.2951389557090418,2.025699039892254,0.5048401358435894,1.072540272098319,0.31808029942454313,0.4135902882174105,1.3534779953524532,0.07547561101250855,1.2638260443456197,1.2698543154916746,1.1897546627127087,2.0947825427455395,2.023899021378284,2.0561913601026456,2.022329285440917,2.0947301237321674,1.1662869913445648,0.3744680326982048,2.024552135363976,0.37453635696159504,1.2746264973823176,1.1510436928595285,1.2609423404645774,1.2573876525059076,1.1109953947823592,1.0909853841481343,1.1275358076823625,1.0881365426588787
0.4963781177949511,0.7246144080256748,2,0.17040093461914324,0.0,1.0992157943346401,2.0539209901487077,2.0018571450449945,1.0601756575969334,0.41861389866576904,1.088466424114452,1.1317800038818886,1.1534940069448516,0.4905239333573906,1.12662478819607,0.4152841365832712,1.2155453078811267,1.1076627470230866,1.1597839180395813,0.42144354882752905,1.0283061218658505,0.25050107735455523,0.02514175930292407,1.0550784248851106,2.0124385764550263,1.236227717914981,2.0098317573328597,0.5010213398724445,1.0256368652543904,0.19657719306995144,0.38122525842822186,1.2812485199066141,0.10277794888578023,1.1675393777483145,1.1914732728044242,1.1357252187683076,2.0632798416873777,2.019994124683476,2.0542988910453706,2.0172829634381606,2.061660405436444,1.1095270966519009,0.4688175745764208,2.0223810585134605,0.3280643384974454,1.178405340097835,1.0769588319258125,1.1777052260223617,1.1699544753419737,1.0512109163166228,1.03477422821964,1.0598501791831598,1.0375483144946638
0.6287104663210326,0.2878495833793836,3,1.179549031787327,1.0992157943346401,0.0,3.0674953024006313,3.0287775035706495,0.14603924848554029,1.2909986030411487,0.3139939056639182,2.092717681043039,0.271025635778535,1.3254296487571962,2.0812706323347236,1.1653680626832605,2.023643181587291,2.054259085058298,2.013612679152623,1.2603953062829052,0.2189844454923245,1.106560572297757,1.1068354387355568,0.1203571417761244,3.0252477301444096,2.0826466683036924,3.0292621553685626,1.2096627056023643,0.2514291739644563,1.066062846598872,1.1463272645488045,2.083313515009864,1.142577697885773,0.17793976573483014,2.034252721428621,2.0454522675319327,3.0408733134526584,3.0593126037710467,3.0892991461201094,3.0551447524827053,3.036472693598574,2.031131201452818,1.2932496610369038,3.0641970482733236,1.124604253381984,0.25635169571699806,0.10136584871876496,2.0220808702487623,0.35640625769137296,0.17382188919384514,0.19206115203077243,0.10622049742423506,0.23909245183439642
0.9489678641690743,0.8418916660532002,0,2.0678873169812837,2.0539209901487077,3.0674953024006313,0.0,0.39533908382826716,3.0680359736502356,2.160603442509066,3.020875450582534,1.4061456456425967,3.0465600294048603,2.191977725590298,1.3939406602726305,2.185730326463702,1.377670546940206,1.3502843080809552,1.3207809133321549,2.176991711448548,3.0476205616849557,2.1233338459792424,2.0501796280355173,3.0513792755145914,0.2929430229008798,1.5075336323464057,0.2906642904065088,2.222131347962026,3.0546152263956614,2.096996658896814,2.171670047841934,1.541270504852264,2.066293315185136,3.074240481432279,1.3989131332478415,1.3718947421779077,0.22129654783149472,0.2170740241968346,0.1461766247481875,0.22581463769432372,0.2457011369405951,1.323030957064081,2.1927336152579793,0.2190988742296796,2.1508350205943656,3.0620793624701808,3.048005920444565,1.3591485741321334,3.039313984797528,3.065891503009336,3.0432112839280543,3.05234991397879,3.0655211271293257
0.5794162044433067,0.7014475063451365,0,2.01383275445777,2.0018571450449945,3.0287775035706495,0.39533908382826716,0.0,3.0187507390786585,2.062101211456667,3.020102342840874,1.1629053089218226,3.041736116559636,2.081121665113117,1.1548892080986237,2.058619785501239,1.2084628840353784,1.1281689255759657,1.154717978988381,2.063421124873762,3.0076665338070128,2.025129949079903,2.001776442240341,3.0146729219809187,0.13722008286403212,1.2568686023416247,0.11432452588204424,2.081287370651085,3.008329189611855,2.0143057746383604,2.0503337826553,1.2965096779542236,2.008110634329683,3.0494279127793824,1.1959223853702379,1.1513819918136645,0.42115342605215694,0.235153042219911,0.4165552731471019,0.21279019160329884,0.4142488662924547,1.1205147946298544,2.0755684508402745,0.25593484706698594,2.038849203471738,3.051183718878441,3.019868966284559,1.1764446008046878,3.0461505970184963,3.016200540843358,3.008459055982513,3.016029603706015,3.013018790149294
0.5099048708857429,0.3727771560015165,3,1.1241696894175854,1.0601756575969334,0.14603924848554029,3.0680359736502356,3.0187507390786585,0.0,1.2085108264891422,0.3735797316859467,2.056946319955723,0.39305936863568636,1.2373123354018023,2.0485169603672273,1.0980316619127444,2.0291489336539326,2.0289192275766745,2.014541421698658,1.1785925602868348,0.12186667146302528,1.0527513581376786,1.0676405022891076,0.09782732469831981,3.021375208831355,2.0617701957700785,3.0236933676845634,1.1352164166927485,0.12583289594499797,1.025956995572009,1.082734922252641,2.069500389526702,1.0918749423979806,0.32386373013390124,2.028150447007511,2.0262104244146313,3.0492046064903744,3.050530217215499,3.083944484841456,3.046472802773019,3.0450593468686455,2.0151756226507125,1.2073339394528781,3.0548877088062527,1.0657493205524835,0.39487682964437815,0.17513265223973368,2.020601203079958,0.4690443494057427,0.03087156612217726,0.13208537209817772,0.10211575981071917,0.09625491729320863
0.13744005490590738,0.9400234681081505,2,0.2937066824953999,0.41861389866576904,1.2909986030411487,2.160603442509066,2.062101211456667,1.2085108264891422,0.0,1.3114235619796304,1.1138185942171632,1.4040964596715904,0.07981877387647836,1.1252404985607485,0.36066515976912467,1.3849577634292622,1.1470780072200075,1.3183781471613925,0.11712634974863863,1.1696150398651741,0.3630039167979164,0.4182059604320824,1.2255505667949682,2.0986897553610864,1.2839273411153875,2.0894320359741645,0.3767375591568189,1.1488934189853923,0.4492836098757514,0.366806907129821,1.356651365651856,0.3236614231030359,1.4037357605540868,1.312895879552053,1.2025327726497985,2.1982172112105487,2.088256806328893,2.137980647531235,2.0857793088261363,2.197211817050515,1.1961656882877805,0.11209351715026719,2.0886534926912166,0.3687135502399738,1.431988783435143,1.2737227846018764,1.3222726124395825,1.431516210026058,1.1915893507764947,1.1922719575923806,1.2342115394334332,1.1572438056710521
0.8617819394223051,0.498253626164888,3,1.1559060734167028,1.088466424114452,0.3139939056639182,3.020875450582534,3.020102342840874,0.3735797316859467,1.3114235619796304,0.0,2.163653356836862,0.18816577451718983,1.3584308535904694,2.1520739777972198,1.2556764605318649,2.093431829331769,2.1200729343195817,2.0736127262224024,1.3073460141010265,0.31790728926632944,1.1635908882676416,1.0893554525531932,0.27575357627556224,3.0085370249444123,2.1819113349734343,3.011658756386805,1.312721080041872,0.3728404140965858,1.1105718507272242,1.2317979331851183,2.1891436383838845,1.130906656481299,0.31702812273625564,2.112923754434596,2.1184050876440317,3.0055742633243354,3.026583076713558,3.038046104214318,3.024625710841656,3.0040163720572606,2.093994270190359,1.340129759633795,3.0295762999343077,1.199942327208692,0.2663735904464648,0.21713432442457964,2.091304286175894,0.18445732931658188,0.37828800973449267,0.27078926236387957,0.2730140707089768,0.41031064421191
0.03720768119117157,0.4598721043868681,1,1.151562582154771,1.1317800038818886,2.092717681043039,1.4061456456425967,1.1629053089218226,2.056946319955723,1.1138185942171632,2.163653356836862,0.0,2.1824731882347166,1.1112856942772436,0.0455420388459008,1.009672437617652,0.5938573840326373,0.15433534870292548,0.5214817272865604,1.0687135011758175,2.063424433978921,1.038368198890369,1.1420287870875478,2.0789864378475422,1.2246982795440347,0.32351254762080767,1.220675638621812,1.0078463691721307,2.050715328541371,1.0632585032660842,1.0123277488015472,0.4420073561365137,1.1285578301504005,2.149784658971992,0.44359134993609084,0.24633898928743725,1.3935564326872714,1.2889865321299805,1.4134922920666575,1.2765849335086588,1.3817147624225987,0.2872495839099643,1.0806604600754304,1.2988806013322105,1.020467883418911,2.1818211807131425,2.1041343577308877,0.49408099135522887,2.2129544329813244,2.052882488515149,2.0755560975066802,2.081530129228549,2.043020645141627
0.8984999869342414,0.31370514016035556,3,1.2426745936835395,1.1534940069448516,0.271025635778535,3.0465600294048603,3.041736116559636,0.39305936863568636,1.4040964596715904,0.18816577451718983,2.1824731882347166,0.0,1.4506446793025678,2.1677671185768763,1.3030674929510682,2.068080545728006,2.1300187889905366,2.0574454916869933,1.3874291991003078,0.3958303787855553,1.213103497266586,1.1574877626793836,0.310132012770311,3.0266441284448584,2.1728830997304565,3.0320522666956644,1.3609748232250876,0.4486409999079983,1.1524553179663561,1.277878200709447,2.169769049634375,1.2078267139268768,0.17050403706662318,2.096653478329698,2.1187880556932805,3.0176211097013375,3.056966306814072,3.0723686345000587,3.053952582812451,3.0145809106318593,2.0951089962323803,1.4240422059023294,3.061349739491924,1.246105086873432,0.08357430564142991,0.22131353892159292,2.0739312326131194,0.09038965065754773,0.4114213361309318,0.34708470223075233,0.2989401552728542,0.46513179080556055
0.05772854022828111,0.9441600235523523,2,0.3727568236293239,0.4905239333573906,1.3254296487571962,2.191977725590298,2.081121665113117,1.2373123354018023,0.07981877387647836,1.3584308535904694,1.1112856942772436,1.4506446793025678,0.0,1.1251905940899625,0.3668045588182307,1.407881669214066,1.1540241460793268,1.3418977195793478,0.1152402079219957,1.2012111901566866,0.40382955086969524,0.49192541685960706,1.2597066061773383,2.122456264184384,1.284653962272522,2.112521122886979,0.3630880546302273,1.177298339768943,0.500514774425421,0.3812997973177826,1.3601003374702432,0.3988444204573584,1.444049754066758,1.3280095429671133,1.2115881573830722,2.231059504683013,2.112569502291777,2.1673375170150226,2.1097375011840254,2.2296541786915887,1.2101080755152431,0.07518792956332541,2.1130426948399674,0.39473874662876424,1.476834060667479,1.3117692271540606,1.3422315963281304,1.4814015832878824,1.219810068766046,1.2264451680973436,1.2686742017856976,1.1832676093139605
0.0702278552134512,0.4285073883865612,1,1.152771275401685,1.12662478819607,2.0812706323347236,1.3939406602726305,1.1548892080986237,2.0485169603672273,1.1252404985607485,2.1520739777972198,0.0455420388459008,2.1677671185768763,1.1251905940899625,0.0,1.012171245621437,0.5483502191426688,0.11017289099479292,0.47617528442523627,1.0789877165213417,2.056259396881865,1.0361309703095896,1.1371842148889677,2.0696668196492785,1.2126225019337533,0.2907338341030537,1.2099611635194483,1.0134147684884072,2.044503443242029,1.0565369433899694,1.013303353278307,0.40664663482364866,1.127515096061116,2.134920773070258,0.39873170999432606,0.2010162146747384,1.375238337051418,1.2820707029673741,1.4056974370247894,1.269397436634971,1.3629332989449836,0.24241248990584643,1.093028403770458,1.2925186998961762,1.0197173194673776,2.166231408482713,2.093124065003474,0.44855039326602764,2.197845302130067,2.045080807069525,2.067464591591247,2.071901616905247,2.036646865826832
0.10684299511155593,0.5806585040350941,2,0.43617211731451433,0.4152841365832712,1.1653680626832605,2.185730326463702,2.058619785501239,1.0980316619127444,0.36066515976912467,1.2556764605318649,1.009672437617652,1.3030674929510682,0.3668045588182307,1.012171245621437,0.0,1.1903629296795726,1.0220113336591965,1.1452511083666597,0.25325493449542147,1.0951502829425226,0.17129975857340327,0.4344616918643231,1.1296609675999136,2.091601184932915,1.0943856282682642,2.087908753015262,0.09125381515847429,1.0737899378768763,0.27684420579780655,0.040286442168496917,1.1446498781814123,0.39379533197024746,1.2658489060619411,1.1244950490031747,1.0497992657961395,2.188222072506418,2.1172580285143665,2.1848348743491384,2.111246074543761,2.1826044777003553,1.0525941853823653,0.2941225227359418,2.121805655800106,0.09649881580612713,1.310529287187361,1.1737944936074587,1.139612475435087,1.3456224150963358,1.0881920006332269,1.1163074019435169,1.1352135394540293,1.066481356434103
0.45210137136733686,0.034984097469643594,1,1.309017889606841,1.2155453078811267,2.023643181587291,1.377670546940206,1.2084628840353784,2.0291489336539326,1.3849577634292622,2.093431829331769,0.5938573840326373,2.068080545728006,1.407881669214066,0.5483502191426688,1.1903629296795726,0.0,0.445720309944206,0.10420941215964345,1.3300410690605442,2.053115467593256,1.1642245636517938,1.2287252298663747,2.0395147883174154,1.2122458993264464,0.3980526017044122,1.2265365174220757,1.221227130338929,2.05296842356765,1.1333594651213457,1.1761088918699871,0.34358836928877995,1.2617002687635182,2.032603373374457,0.1637027811076996,0.3480661682763023,1.2812131577739403,1.338066110882969,1.4423161599909016,1.323200046326314,1.263552159257746,0.3174297777933728,1.3628813557701882,1.354173586453133,1.1644521516438915,2.0545635903182218,2.0415491737753952,0.10016386786039443,2.0928408656908872,2.0336089670491346,2.052885474765146,2.037825864130806,2.0428622329623716
0.16862014598925945,0.378939021194981,1,1.1471409210770367,1.1076627470230866,2.054259085058298,1.3502843080809552,1.1281689255759657,2.0289192275766745,1.1470780072200075,2.1200729343195817,0.15433534870292548,2.1300187889905366,1.1540241460793268,0.11017289099479292,1.0220113336591965,0.445720309944206,0.0,0.36847995716160403,1.1012496462577865,2.0379368515882943,1.0308203320043394,1.1183329160879845,2.0466244665350755,1.1747263731557325,0.26147556726112137,1.1750074682474285,1.032113487654253,2.028918663694893,1.039349228441416,1.0189593008258604,0.3602724604249294,1.1178701340120922,2.099325739270189,0.3050090958614518,0.1085303554521376,1.3195480376331001,1.2528347455308138,1.371390329905261,1.2399489936377057,1.306676734988313,0.13326646433105785,1.1200185978570891,1.2642094932165344,1.0200603576564224,2.127464363205966,2.0656069517287134,0.34555744929072374,2.157931228870487,2.0267870105036416,2.0466160710381978,2.0481935603814376,2.0215759771846145
0.4483839044267566,0.13912718184015826,1,1.2443214364548572,1.1597839180395813,2.013612679152623,1.3207809133321549,1.154717978988381,2.014541421698658,1.3183781471613925,2.0736127262224024,0.5214817272865604,2.0574454916869933,1.3418977195793478,0.47617528442523627,1.1452511083666597,0.10420941215964345,0.36847995716160403,0.0,1.269209597001266,2.032756263859385,1.1163828118925405,1.1716623770262367,2.023480977567149,1.1620394804724898,0.380833553905991,1.1738597594275089,1.1767572775282495,2.0321447237043455,1.0884322214960287,1.1312337581976506,0.35876582534440815,1.2010026935084412,2.027807476405313,0.14761841804229558,0.28307042464970494,1.2383339285980108,1.2758615154452997,1.377782670743963,1.2618831026975534,1.222307477147395,0.23555693157097188,1.3005911424780996,1.2908009414332418,1.1189346944055576,2.0479595633475194,2.027385653964264,0.06610279359383525,2.080382737194935,2.0175778017531427,2.033299774241197,2.022453409310113,2.02421775972763
0.08918937508040181,0.8332973995877699,2,0.338731829020501,0.42144354882752905,1.2603953062829052,2.176991711448548,2.063421124873762,1.1785925602868348,0.11712634974863863,1.3073460141010265,1.0687135011758175,1.3874291991003078,0.1152402079219957,1.0789877165213417,0.25325493449542147,1.3300410690605442,1.1012496462577865,1.269209597001266,0.0,1.1510191371777734,0.2955119787369994,0.42795857073550087,1.2026605393046765,2.101385586344706,1.2182792964174043,2.0934412897360226,0.2603823523832969,1.1282727491959161,0.39875365075671143,0.2662028483137195,1.2867996972548181,0.3432097989783938,1.3734908799415817,1.2551871131367198,1.1506149320457704,2.204832426302028,2.1021233301865747,2.1599344403199745,2.0983867804538296,2.2022418461914,1.149242979122074,0.05290038207907272,2.10382492749838,0.2803288896299611,1.4088422039183244,1.2520834907144662,1.268689875136921,1.4210459571543284,1.1632186202514356,1.174781779294247,1.2106712980553866,1.1310032146574869
0.5439875783535397,0.4897808083596439,3,1.0797652229195087,1.0283061218658505,0.2189844454923245,3.0476205616849557,3.0076665338070128,0.12186667146302528,1.1696150398651741,0.31790728926632944,2.063424433978921,0.3958303787855553,1.2012111901566866,2.056259396881865,1.0951502829425226,2.053115467593256,2.0379368515882943,2.032756263859385,1.1510191371777734,0.0,1.0415283074758912,1.0331045723275427,0.10263010688909098,3.0100633424075105,2.0858788611842125,3.01128040755174,1.1348764388209074,0.05549576225713125,1.0155555451739886,1.0793566439267086,2.0992193606868614,1.0542731309288884,0.37900903936937647,2.050535445934764,2.0406768684227523,3.036523280483819,3.031015546043862,3.0591195070275887,3.0278319623325105,3.0335447630786176,2.027137336904346,1.1779769212890452,3.034428806198703,1.0600610067679583,0.42244542637223137,0.1836777351012252,2.041323505428318,0.4549060586104083,0.10119172030514162,0.04974130936757865,0.11768500185764207,0.09772958770486512
0.27644867932922923,0.6046901325350756,2,0.3120693721366349,0.25050107735455523,1.106560572297757,2.1233338459792424,2.025129949079903,1.0527513581376786,0.3630039167979164,1.1635908882676416,1.038368198890369,1.213103497266586,0.40382955086969524,1.0361309703095896,0.17129975857340327,1.1642245636517938,1.0308203320043394,1.1163828118925405,0.2955119787369994,1.0415283074758912,0.0,0.2719143967801034,1.0704589033877359,2.048023242112335,1.1232262117423149,2.045423049663502,0.2616723584717124,1.0279997045898823,0.11425940285158243,0.1337217765556015,1.1686348451624675,0.2523356354735014,1.1926637028410922,1.1178485389207131,1.0556882194042254,2.1247878783369254,2.0699753493641797,2.1254232674798312,2.064977240321502,2.1203472363695894,1.0459292850469628,0.34800199568505946,2.0740674501378926,0.07814867352054675,1.2254151490057392,1.1050023297593428,1.1203487844288151,1.247053755785405,1.0440508562193584,1.05639445178028,1.0753538045455988,1.027194106238438
0.5083046593412082,0.7467473171790503,2,0.15662436431809157,0.02514175930292407,1.1068354387355568,2.0501796280355173,2.001776442240341,1.0676405022891076,0.4182059604320824,1.0893554525531932,1.1420287870875478,1.1574877626793836,0.49192541685960706,1.1371842148889677,0.4344616918643231,1.2287252298663747,1.1183329160879845,1.1716623770262367,0.42795857073550087,1.0331045723275427,0.2719143967801034,0.0,1.0608655764522597,2.011928244226189,1.2510381019054444,2.009057736933501,0.5190061308234972,1.030932829880312,0.2215602168063917,0.401258459749393,1.2971138939416942,0.09610110426738303,1.1749927234620845,1.2050744050483957,1.1478111741626218,2.061625270285037,2.0170610378866214,2.049434412019196,2.0146321801018856,2.060368848854722,1.120647134851171,0.4739757129157373,2.0191657824611307,0.3489604631864726,1.1840317269392835,1.082393441854856,1.190513068445608,1.1722884671659735,1.0583119592651702,1.039279355819034,1.0657889398129456,1.0441483716516367
0.6021862456678243,0.40524765531950546,3,1.1207791821318762,1.0550784248851106,0.1203571417761244,3.0513792755145914,3.0146729219809187,0.09782732469831981,1.2255505667949682,0.27575357627556224,2.0789864378475422,0.310132012770311,1.2597066061773383,2.0696668196492785,1.1296609675999136,2.0395147883174154,2.0466244665350755,2.023480977567149,1.2026605393046765,0.10263010688909098,1.0704589033877359,1.0608655764522597,0.0,3.0135749378306533,2.0874311546800968,3.016111844154052,1.1729554999991676,0.14565412968238783,1.0359222522297171,1.1117284480465903,2.0950227089240454,1.0900869654721534,0.2766780988833648,2.044063591909488,2.044168135276846,3.033407004721707,3.0398978618279746,3.067656944726041,3.0363802265949627,3.029924442025798,2.029476766225276,1.232792251866231,3.0439088945932258,1.090277649905057,0.3263283665033937,0.0892256058569784,2.0326866375376675,0.37971489537984077,0.10595223382978093,0.07184173309234525,0.015070789783007705,0.15499993254441666
0.7126797831207298,0.6687340574395549,0,2.0315503313866334,2.0124385764550263,3.0252477301444096,0.2929430229008798,0.13722008286403212,3.021375208831355,2.0986897553610864,3.0085370249444123,1.2246982795440347,3.0266441284448584,2.122456264184384,1.2126225019337533,2.091601184932915,1.2122458993264464,1.1747263731557325,1.1620394804724898,2.101385586344706,3.0100633424075105,2.048023242112335,2.011928244226189,3.0135749378306533,0.0,1.303109712692773,0.038999045268756985,2.119701420387856,3.013237639418621,2.0296699915459233,2.0807957405056396,1.3344968081956528,2.024244805547918,3.0383192568908117,1.2179296920325249,1.1906775483248246,0.2842816900233829,0.21030774700992788,0.3563570468418026,0.18942266074887887,0.2770413966490305,1.1529249138549957,2.1163129203161355,0.23475998458385658,2.0658796869312703,3.036118887650248,3.014753851047676,1.1896555982983787,3.028007354505944,3.0197264161156596,3.0085886311346126,3.0144426681494343,3.0189606346568345
0.0675527126347053,0.13778586200014908,1,1.2951389557090418,1.236227717914981,2.0826466683036924,1.5075336323464057,1.2568686023416247,2.0617701957700785,1.2839273411153875,2.1819113349734343,0.32351254762080767,2.1728830997304565,1.284653962272522,0.2907338341030537,1.0943856282682642,0.3980526017044122,0.26147556726112137,0.380833553905991,1.2182792964174043,2.0858788611842125,1.1232262117423149,1.2510381019054444,2.0874311546800968,1.303109712692773,0.0,1.3081918429386086,1.0960724242720081,2.075210649916374,1.1318987309295014,1.0935823173199364,0.1212934320274458,1.2554277886701595,2.1234051522202355,0.23913761850522233,0.19082709422715172,1.4474388035788077,1.4117590315792552,1.5438862374653517,1.3960737326589723,1.4302696466987213,0.2618971808974907,1.2391294225391836,1.4262073567829525,1.1006992104184774,2.160418523976678,2.1062291119987577,0.3215723890835407,2.2085010848772577,2.06225167158683,2.0951235313470935,2.0878729746524805,2.0610040064402053
0.693732478484552,0.7028210810540982,0,2.025699039892254,2.0098317573328597,3.0292621553685626,0.2906642904065088,0.11432452588204424,3.0236933676845634,2.0894320359741645,3.011658756386805,1.220675638621812,3.0320522666956644,2.112521122886979,1.2099611635194483,2.087908753015262,1.2265365174220757,1.1750074682474285,1.1738597594275089,2.0934412897360226,3.01128040755174,2.045423049663502,2.009057736933501,3.016111844154052,0.038999045268756985,1.3081918429386086,0.0,2.1151950564681714,3.0140274582011393,2.0287291067505353,2.077565714453248,1.342941050674684,2.019701727838367,3.0443213754169283,1.227916466632233,1.194423381275365,0.3097646783909738,0.1798188278857482,0.3381209174987375,0.15788711654790374,0.30533885632118624,1.1573332444419413,2.1074941058332435,0.20419395653887687,2.0630836447399,3.0422994015906046,3.0181840854029587,1.2010221573782565,3.0334436103302718,3.021647967424425,3.0102599019771072,3.0171734414584708,3.020045459980876
0.01563406599986672,0.583520327103672,2,0.5048401358435894,0.5010213398724445,1.2096627056023643,2.222131347962026,2.081287370651085,1.1352164166927485,0.3767375591568189,1.312721080041872,1.0078463691721307,1.3609748232250876,0.3630880546302273,1.0134147684884072,0.09125381515847429,1.221227130338929,1.032113487654253,1.1767572775282495,0.2603823523832969,1.1348764388209074,0.2616723584717124,0.5190061308234972,1.1729554999991676,2.119701420387856,1.0960724242720081,2.1151950564681714,0.0,1.1097449456355815,0.3680687630983154,0.13121920420368086,1.1498161007038126,0.4704070993118222,1.3173843719548441,1.1452510009606445,1.062622013754893,2.2266900771448883,2.145687693586369,2.2187435844117895,2.1393058630901587,2.2206706322694076,1.0716819806788984,0.2879177583768458,2.1502874355579866,0.18775223552415626,1.3669904493925644,1.2217966800049638,1.1666323024934437,1.4068921006748554,1.1245316437623374,1.1591143112807476,1.178948520539086,1.0999133528295668
0.488944159924497,0.49685199752027,3,1.072540272098319,1.0256368652543904,0.2514291739644563,3.0546152263956614,3.008329189611855,0.12583289594499797,1.1488934189853923,0.3728404140965858,2.050715328541371,0.4486409999079983,1.177298339768943,2.044503443242029,1.0737899378768763,2.05296842356765,2.028918663694893,2.0321447237043455,1.1282727491959161,0.05549576225713125,1.0279997045898823,1.030932829880312,0.14565412968238783,3.013237639418621,2.075210649916374,3.0140274582011393,1.1097449456355815,0.0,1.007810379529897,1.0597858695530447,2.090089436738573,1.047714316478398,0.42045853130280075,2.0461783906655944,2.0328847070180447,3.044853924973125,3.034083554778978,3.064757446608333,3.0307469092052517,3.041710902350463,2.0212423411787817,1.1536941281605946,3.03749869446701,1.0431035390460666,0.47123243126874803,0.23239798689975932,2.039181623807691,0.5096730111551585,0.09662657010985849,0.10495871141702004,0.15995539828607896,0.057342496692815124
0.3831795873791186,0.5639013545827238,2,0.31808029942454313,0.19657719306995144,1.066062846598872,2.096996658896814,2.0143057746383604,1.025956995572009,0.4492836098757514,1.1105718507272242,1.0632585032660842,1.1524553179663561,0.500514774425421,1.0565369433899694,0.27684420579780655,1.1333594651213457,1.039349228441416,1.0884322214960287,0.39875365075671143,1.0155555451739886,0.11425940285158243,0.2215602168063917,1.0359222522297171,2.0296699915459233,1.1318987309295014,2.0287291067505353,0.3680687630983154,1.007810379529897,0.0,0.236910395537979,1.1692620689632311,0.24488411898429135,1.137815591356635,1.102701525672682,1.0568548468018866,2.0919758341540415,2.0548180574821697,2.104610057025758,2.049966460917769,2.0876042203310896,1.0403890890347784,0.45165274864328603,2.0592436297777352,0.18039202006701735,1.1643487321053991,1.0620242228290329,1.0973672143712876,1.182363283479878,1.0195598981785023,1.0252911142466963,1.039663863034897,1.0088255577019118
0.14645678500354742,0.5733274009128622,2,0.4135902882174105,0.38122525842822186,1.1463272645488045,2.171670047841934,2.0503337826553,1.082734922252641,0.366806907129821,1.2317979331851183,1.0123277488015472,1.277878200709447,0.3812997973177826,1.013303353278307,0.040286442168496917,1.1761088918699871,1.0189593008258604,1.1312337581976506,0.2662028483137195,1.0793566439267086,0.1337217765556015,0.401258459749393,1.1117284480465903,2.0807957405056396,1.0935823173199364,2.077565714453248,0.13121920420368086,1.0597858695530447,0.236910395537979,0.0,1.1417236268223798,0.36644097352997407,1.243006025054446,1.1151174131943826,1.0449080585159656,2.1726333106180706,2.106894205616717,2.1722595690540922,2.1009934763060305,2.167121887059074,1.0450567778343116,0.3111770361510184,2.111484364392755,0.0569585955307527,1.2856236069194216,1.153494733435233,1.1274687394579677,1.3190724180342073,1.073445168076674,1.0990029275486857,1.117004991350046,1.0533708381420248
0.1086988532002856,0.023684627258564794,1,1.3534779953524532,1.2812485199066141,2.083313515009864,1.541270504852264,1.2965096779542236,2.069500389526702,1.356651365651856,2.1891436383838845,0.4420073561365137,2.169769049634375,1.3601003374702432,0.40664663482364866,1.1446498781814123,0.34358836928877995,0.3602724604249294,0.35876582534440815,1.2867996972548181,2.0992193606868614,1.1686348451624675,1.2971138939416942,2.0950227089240454,1.3344968081956528,0.1212934320274458,1.342941050674684,1.1498161007038126,2.090089436738573,1.1692620689632311,1.1417236268223798,0.0,1.3087898471778916,2.1160023524855918,0.2124103870780176,0.2674866684338183,1.4645138052529998,1.456621582458907,1.588034223115525,1.440157525202562,1.4457946731012525,0.3207169900596137,1.310915699060011,1.4724124888406824,1.1468936700412802,2.1533564459178822,2.1103497162979488,0.29302681330898206,2.206105995050497,2.0717775482782965,2.106743204761858,2.0946091413517154,2.07416690966537
0.4311499466307407,0.8040410563481397,2,0.07547561101250855,0.10277794888578023,1.142577697885773,2.066293315185136,2.008110634329683,1.0918749423979806,0.3236614231030359,1.130906656481299,1.1285578301504005,1.2078267139268768,0.3988444204573584,1.127515096061116,0.39379533197024746,1.2617002687635182,1.1178701340120922,1.2010026935084412,0.3432097989783938,1.0542731309288884,0.2523356354735014,0.09610110426738303,1.0900869654721534,2.024244805547918,1.2554277886701595,2.019701727838367,0.4704070993118222,1.047714316478398,0.24488411898429135,0.36644097352997407,1.3087898471778916,0.0,1.2227507789217753,1.2261454609161784,1.1546402769578004,2.0852707551559857,2.024280432631632,2.0596881200914803,2.022001264387072,2.0842870789084875,1.131559642257909,0.3862535301580041,2.0258223163060944,0.3215037711151121,1.2358406395879242,1.1184852753499872,1.216855715869667,1.2251124160807534,1.0803184530618128,1.0645271614786915,1.0961075284039028,1.0606543786796947
0.7788052393273955,0.1922769965883241,3,1.2638260443456197,1.1675393777483145,0.17793976573483014,3.074240481432279,3.0494279127793824,0.32386373013390124,1.4037357605540868,0.31702812273625564,2.149784658971992,0.17050403706662318,1.444049754066758,2.134920773070258,1.2658489060619411,2.032603373374457,2.099325739270189,2.027807476405313,1.3734908799415817,0.37900903936937647,1.1926637028410922,1.1749927234620845,0.2766780988833648,3.0383192568908117,2.1234051522202355,3.0443213754169283,1.3173843719548441,0.42045853130280075,1.137815591356635,1.243006025054446,2.1160023524855918,1.2227507789217753,0.0,2.057273780910931,2.0836893636641087,3.038668973622716,3.0776548221149302,3.1029003989388757,3.0734348973244874,3.0340606149268883,2.065290197641367,1.4102801672598015,3.08309542650529,1.2163147534298315,0.1079451520854595,0.20282530790805092,2.0393864623135043,0.258034160694495,0.35092322601901776,0.34005340970807996,0.261760115275032,0.4152790259535923
0.30455450170542153,0.10589616834171145,1,1.2698543154916746,1.1914732728044242,2.034252721428621,1.3989131332478415,1.1959223853702379,2.028150447007511,1.312895879552053,2.112923754434596,0.44359134993609084,2.096653478329698,1.3280095429671133,0.39873170999432606,1.1244950490031747,0.1637027811076996,0.3050090958614518,0.14761841804229558,1.2551871131367198,2.050535445934764,1.1178485389207131,1.2050744050483957,2.044063591909488,1.2179296920325249,0.23913761850522233,1.227916466632233,1.1452510009606445,2.0461783906655944,1.102701525672682,1.1151174131943826,0.2124103870780176,1.2261454609161784,2.057273780910931,0.0,0.19882810876827492,1.320757257892684,1.3345895879738743,1.4503088480514206,1.3195108381666467,1.303624567367571,0.19457549456909437,1.2835072036165214,1.349838438668112,1.1101430894756925,2.084706722765551,2.053203467274128,0.08376188966762617,2.125252100567107,2.0306595837665613,2.0542126081039744,2.043395802083303,2.0351064744064655
0.20009440219801022,0.27507271650152787,1,1.1897546627127087,1.1357252187683076,2.0454522675319327,1.3718947421779077,1.1513819918136645,2.0262104244146313,1.2025327726497985,2.1184050876440317,0.24633898928743725,2.1187880556932805,1.2115881573830722,0.2010162146747384,1.0497992657961395,0.3480661682763023,0.1085303554521376,0.28307042464970494,1.1506149320457704,2.0406768684227523,1.0556882194042254,1.1478111741626218,2.044168135276846,1.1906775483248246,0.19082709422715172,1.194423381275365,1.062622013754893,2.0328847070180447,1.0568548468018866,1.0449080585159656,0.2674866684338183,1.1546402769578004,2.0836893636641087,0.19882810876827492,0.0,1.323706591785195,1.2842783124668673,1.4039565649051924,1.270351183901401,1.309054978283539,0.07800745235560552,1.17282907936567,1.2972354238325083,1.0446592245800588,2.1125181164607163,2.060239768233247,0.24885134563053515,2.1476949905137803,2.0257086929689807,2.047927552058816,2.0449662084419447,2.0237578140685764
0.9935994493631407,0.6251425399068606,0,2.0947825427455395,2.0632798416873777,3.0408733134526584,0.22129654783149472,0.42115342605215694,3.0492046064903744,2.1982172112105487,3.0055742633243354,1.3935564326872714,3.0176211097013375,2.231059504683013,1.375238337051418,2.188222072506418,1.2812131577739403,1.3195480376331001,1.2383339285980108,2.204832426302028,3.036523280483819,2.1247878783369254,2.061625270285037,3.033407004721707,0.2842816900233829,1.4474388035788077,0.3097646783909738,2.2266900771448883,3.044853924973125,2.0919758341540415,2.1726333106180706,1.4645138052529998,2.0852707551559857,3.038668973622716,1.320757257892684,1.323706591785195,0.0,0.36165802994815593,0.3657846298855122,0.3563459083891935,0.02988226851893827,1.274311166291977,2.2246683720892366,0.376666712398924,2.151022572738404,3.027763225118685,3.026421784834255,1.2766861072994318,3.012128148765222,3.049217473650989,3.03043207912429,3.0333510028699986,3.0530671260143682
0.734895353289153,0.8778651572178607,0,2.023899021378284,2.019994124683476,3.0593126037710467,0.2170740241968346,0.235153042219911,3.050530217215499,2.088256806328893,3.026583076713558,1.2889865321299805,3.056966306814072,2.112569502291777,1.2820707029673741,2.1172580285143665,1.338066110882969,1.2528347455308138,1.2758615154452997,2.1021233301865747,3.031015546043862,2.0699753493641797,2.0170610378866214,3.0398978618279746,0.21030774700992788,1.4117590315792552,0.1798188278857482,2.145687693586369,3.034083554778978,2.0548180574821697,2.106894205616717,1.456621582458907,2.024280432631632,3.0776548221149302,1.3345895879738743,1.2842783124668673,0.36165802994815593,0.0,0.18569418465948218,0.022938444363182223,0.3722420715003838,1.2441579522396384,2.1138906393367964,0.02446479458529792,2.0911698901822033,3.0720260192502877,3.042738651046015,1.3064383789652811,3.0548721007062793,3.0470933113825285,3.0301271707767956,3.0415816713267794,3.043156512077284
0.8921748041225985,0.9765844793482302,0,2.0561913601026456,2.0542988910453706,3.0892991461201094,0.1461766247481875,0.4165552731471019,3.083944484841456,2.137980647531235,3.038046104214318,1.4134922920666575,3.0723686345000587,2.1673375170150226,1.4056974370247894,2.1848348743491384,1.4423161599909016,1.371390329905261,1.377782670743963,2.1599344403199745,3.0591195070275887,2.1254232674798312,2.049434412019196,3.067656944726041,0.3563570468418026,1.5438862374653517,0.3381209174987375,2.2187435844117895,3.064757446608333,2.104610057025758,2.1722595690540922,1.588034223115525,2.0596881200914803,3.1029003989388757,1.4503088480514206,1.4039565649051924,0.3657846298855122,0.18569418465948218,0.0,0.20610574334585025,0.3885450538610534,1.357076253937449,2.172555967948541,0.17095655506495477,2.1526852110043544,3.090943012456203,3.067291473194101,1.414764938745605,3.064830483382987,3.0803487224260873,3.056209251936412,3.0693316864334728,3.076981835347239
0.7237167514140771,0.8578349028529917,0,2.022329285440917,2.0172829634381606,3.0551447524827053,0.22581463769432372,0.21279019160329884,3.046472802773019,2.0857793088261363,3.024625710841656,1.2765849335086588,3.053952582812451,2.1097375011840254,1.269397436634971,2.111246074543761,1.323200046326314,1.2399489936377057,1.2618831026975534,2.0983867804538296,3.0278319623325105,2.064977240321502,2.0146321801018856,3.0363802265949627,0.18942266074887887,1.3960737326589723,0.15788711654790374,2.1393058630901587,3.0307469092052517,2.049966460917769,2.1009934763060305,1.440157525202562,2.022001264387072,3.0734348973244874,1.3195108381666467,1.270351183901401,0.3563459083891935,0.022938444363182223,0.20610574334585025,0.0,0.3652143429929377,1.2308293651273683,2.1103117004083356,0.04659805454431894,2.085566810913099,3.068425602152585,3.039310740138619,1.2918490524628063,3.0524242666150827,3.043164020494638,3.027030620639246,3.038010633679793,3.039401476183928
0.9806011763368052,0.598235387137183,0,2.0947301237321674,2.061660405436444,3.036472693598574,0.2457011369405951,0.4142488662924547,3.0450593468686455,2.197211817050515,3.0040163720572606,1.3817147624225987,3.0145809106318593,2.2296541786915887,1.3629332989449836,2.1826044777003553,1.263552159257746,1.306676734988313,1.222307477147395,2.2022418461914,3.0335447630786176,2.1203472363695894,2.060368848854722,3.029924442025798,0.2770413966490305,1.4302696466987213,0.30533885632118624,2.2206706322694076,3.041710902350463,2.0876042203310896,2.167121887059074,1.4457946731012525,2.0842870789084875,3.0340606149268883,1.303624567367571,1.309054978283539,0.02988226851893827,0.3722420715003838,0.3885450538610534,0.3652143429929377,0.0,1.2603467563678197,2.222310572585285,0.3886357222784549,2.14584889077485,3.0239263854059604,3.0229925998857756,1.2599469380449795,3.009802438051344,3.045259368314896,3.0275337919313445,3.029788539176171,3.049382061459596
0.2746090880654064,0.29815353566149994,1,1.1662869913445648,1.1095270966519009,2.031131201452818,1.323030957064081,1.1205147946298544,2.0151756226507125,1.1961656882877805,2.093994270190359,0.2872495839099643,2.0951089962323803,1.2101080755152431,0.24241248990584643,1.0525941853823653,0.3174297777933728,0.13326646433105785,0.23555693157097188,1.149242979122074,2.027137336904346,1.0459292850469628,1.120647134851171,2.029476766225276,1.1529249138549957,0.2618971808974907,1.1573332444419413,1.0716819806788984,2.0212423411787817,1.0403890890347784,1.0450567778343116,0.3207169900596137,1.131559642257909,2.065290197641367,0.19457549456909437,0.07800745235560552,1.274311166291977,1.2441579522396384,1.357076253937449,1.2308293651273683,1.2603467563678197,0.0,1.1732358898675241,1.2568818582793977,1.040660745276046,2.090360965176645,2.0430179540485454,0.21799426436745678,2.1210704897765034,2.0148551390794367,2.0328339073878996,2.030135452836257,2.013872629892518
0.05045346472694123,0.8693248845568952,2,0.3744680326982048,0.4688175745764208,1.2932496610369038,2.1927336152579793,2.0755684508402745,1.2073339394528781,0.11209351715026719,1.340129759633795,1.0806604600754304,1.4240422059023294,0.07518792956332541,1.093028403770458,0.2941225227359418,1.3628813557701882,1.1200185978570891,1.3005911424780996,0.05290038207907272,1.1779769212890452,0.34800199568505946,0.4739757129157373,1.232792251866231,2.1163129203161355,1.2391294225391836,2.1074941058332435,0.2879177583768458,1.1536941281605946,0.45165274864328603,0.3111770361510184,1.310915699060011,0.3862535301580041,1.4102801672598015,1.2835072036165214,1.17282907936567,2.2246683720892366,2.1138906393367964,2.172555967948541,2.1103117004083356,2.222310572585285,1.1732358898675241,0.0,2.115232543433389,0.32965454106772746,1.446415556440751,1.2844853407485708,1.2990381427882691,1.45791030324525,1.1910513319324723,1.2031521761086632,1.2412280209632869,1.1566203358084723
0.738301595411603,0.9020916651937138,0,2.024552135363976,2.0223810585134605,3.0641970482733236,0.2190988742296796,0.25593484706698594,3.0548877088062527,2.0886534926912166,3.0295762999343077,1.2988806013322105,3.061349739491924,2.1130426948399674,1.2925186998961762,2.121805655800106,1.354173586453133,1.2642094932165344,1.2908009414332418,2.10382492749838,3.034428806198703,2.0740674501378926,2.0191657824611307,3.0439088945932258,0.23475998458385658,1.4262073567829525,0.20419395653887687,2.1502874355579866,3.03749869446701,2.0592436297777352,2.111484364392755,1.4724124888406824,2.0258223163060944,3.08309542650529,1.349838438668112,1.2972354238325083,0.376666712398924,0.02446479458529792,0.17095655506495477,0.04659805454431894,0.3886357222784549,1.2568818582793977,2.115232543433389,0.0,2.095656945104432,3.0770494956348693,3.046916687258976,1.3216843570813073,3.05883808545228,3.0512506746880907,3.0335949437930383,3.045683587415204,3.0469629200189035
