X,Y,cluster,0,1,2,3,4,5,6,7,8,9,10,11,12,13,14,15,16,17,18,19,20,21,22,23,24,25,26,27,28,29,30,31,32,33,34,35,36,37,38,39,40,41,42,43,44,45,46,47,48,49,50,51,52,53,54,55,56,57,58,59,60,61,62,63,64,65,66,67,68,69,70,71,72,73,74,75,76,77,78,79,80,81,82,83,84,85,86,87,88,89,90,91,92,93,94,95,96,97,98,99
0.7389748216809529,0.7386311350381511,6,0.0,2.1397010728624375,1.0382376795603545,2.0846924624565757,0.17205106137790088,4.0736421839683254,1.029882274367454,3.1376578853026764,0.1030074956198117,4.054256544890143,3.1134364572361357,1.004599543114002,2.006698302198449,2.0790838884648117,2.0884672985244697,2.119675673170266,1.0085414586762733,3.1393194267765923,2.0116836732493284,6.005831411330716,1.0660317437934776,5.0420566796481925,6.0089223084616465,1.0842727832523653,0.06215667196797574,1.0297531492731533,2.014339417547941,6.024666573958113,1.0824159913861433,1.0672061769899166,1.0377559759753936,2.0430067900582656,3.130397593424279,2.0373170596582493,1.0173953075218498,2.108121796906655,0.09007443027356557,6.016185401604476,1.0139914573409499,1.0288198802366346,1.0384231083960673,2.0178292160364544,6.014030376711704,6.022229851964706,0.04949942909375207,5.037840713449835,6.019103145527649,1.0673834407689091,2.01896904202042,2.1336242673972876,3.153283192298181,2.063639424159838,2.010049248428199,6.007363934290704,3.1025219237153387,2.028778765812924,2.076011126674571,3.0972720476786817,6.011729488188875,6.0345522959871225,2.1333733100128818,6.022611191829614,1.056802659365734,3.1073592901514693,6.012828469120087,4.0329705972866945,2.082745955863636,6.0089794465464825,3.1282776455397565,2.1436200308593913,6.013348617496643,5.050238217132097,5.048491179462479,6.010974035879387,0.12979470633821455,6.009886283977049,0.10620168586599468,4.069836065306881,1.008131834862745,5.0462989346930955,0.23858171809056622,5.045424576167648,5.02636785800546,4.056650131092297,1.0238521870460753,3.1139636409885916,0.17943177618269737,2.0420762900534175,5.031184636058898,6.009019066116321,4.060261873019384,2.0845338072497714,6.011511674582459,3.127056489779039,2.044660013894548,3.1187859213312747,2.0786752549402996,2.021141938698034,6.014879001985605,1.0368910864853123
0.5257532535601595,0.008660420490796406,4,2.1397010728624375,0.0,3.0725251250005416,0.3033570113451946,2.116744323982139,2.123596581332039,1.3789089085055324,1.1312301688003106,2.123618097605975,2.114962264378695,1.1122213115303625,1.3138681618921726,4.054870512504729,0.3938509244594625,0.3671458809761789,0.14359709411321864,1.2854532130180898,1.0781033413719432,4.040924033634627,4.032388307687969,3.0863092712748923,3.155454300890842,4.028345770174002,3.06186327522982,2.1199349761142607,3.072645267061917,4.038395302219603,4.017742202983501,3.112363759553877,3.0776709691426376,3.127940441966208,4.034831783995224,1.135544138519725,4.0323310478192536,1.309333455930679,0.331998574925282,2.1100514422592167,4.012784690665134,1.351315586486427,1.4126281173237036,1.4168317522797418,4.034392627225867,4.021738418541223,4.021344995806523,2.1316315875378358,3.1770949090746354,4.026188616977857,3.0629276651567032,4.078251886513567,0.3319646711173788,1.131566048635056,0.4089149433008731,4.045380029944064,4.034798616561804,1.0729395643546467,4.044163371467759,0.41948996037603525,1.0402651105597087,4.020005252710612,4.0029333626365595,0.3158768975556564,4.020010021779037,3.074626585268957,1.1424275858397226,4.016990835128227,2.0845747981065084,0.42143358336899356,4.032373061950694,1.1144465976701614,0.4616143557258686,4.021314964062892,3.159018918619845,3.180951375437005,4.019888206270418,2.1002148532638745,4.021644683665652,2.106045083346496,2.1349314351128097,1.3339524043846323,3.135252736970242,2.0771168547572225,3.1489614451173535,3.1276045357706104,2.0579456619760332,1.37149830652128,1.055671327107555,2.0837221756311846,4.016904618678355,3.110501173115586,4.036420286477916,2.0763528402301183,0.25522029319646156,4.019952688980238,1.1246565825989787,4.039717805473222,1.0370958060081759,0.4087902526560329,4.05174904448414,4.0298050907781215,1.4201831997910004
0.46841689691031174,0.669813342261331,7,1.0382376795603545,3.0725251250005416,0.0,3.0614198426006554,1.0057362745307785,5.024237183536884,2.066899254453439,4.056499044653438,1.0153987256124222,5.014586666432792,4.043193954235911,2.024498484595922,1.0648234995230739,3.0658053883393706,3.0702697618649775,3.0716872598695004,2.0410947186967907,4.0627239480685615,1.055969056862124,7.002995174978438,0.10870638580534579,6.0149762713402115,7.0027032922812005,0.14432660836379493,1.0268863378758495,0.03399523735093876,1.0608835916471895,7.008256202878177,0.198971312403588,0.09758202143524893,0.22780925194832832,1.1390651092516748,4.051722861972548,1.119934284041408,2.0533141100905445,3.0808382303472395,1.0343396800528541,7.011025201852363,2.0263002717502445,2.0564490290247304,2.0731492564436222,1.063451966429412,7.004344069889933,7.006534548785882,1.0260389036709179,6.015804481371775,7.0045827635460425,0.09948366839408901,1.1325013962656025,3.0973464298056896,4.066485477832108,3.0551408058139353,1.0605246724137003,7.0014426227920925,4.040180678643398,1.1199943865745707,3.065870400164457,4.041237513066616,7.005537386266542,7.019132756898849,3.0957278844488956,7.006949725937294,0.06446903136298694,4.037898360739225,7.009343244285598,5.005889269268867,3.0710806874447676,7.001706341392463,4.051951417403773,3.115594912245537,7.004470970654733,6.018587251046555,6.019954284182571,7.006702583175217,1.0405722089086744,7.00765826794381,1.037148546999643,5.022185784114221,2.036615522138252,6.015173208382939,1.010638108833102,6.0157690128725685,6.007036770954054,5.0180792480585295,2.059656050553435,4.049130581835263,1.0221404088632327,1.0843619849763533,6.0075240309051186,7.001079058707249,5.0186911759579855,3.0564009856263836,7.005754094839597,4.0504372980723415,1.151670007201676,4.0552626806402525,3.0668889514040227,1.1105976261482289,7.002821637147873,2.0701410629187285
0.7926174892185086,0.1529135177149934,4,2.0846924624565757,0.3033570113451946,3.0614198426006554,0.0,2.085374521012186,2.1766164236146963,1.232715171549694,1.263393092097873,2.0827698382056843,2.152426269586711,1.225587002780114,1.2115826261665854,4.025165048874017,0.09087210532265932,0.07184099998955044,0.16958760058153136,1.1618501808849857,1.2071622956556722,4.017324493850219,4.020792004164002,3.081570382414895,3.164946704689664,4.022319289586631,3.0650131756984713,2.0727275870870656,3.0584608365270367,4.015251218607669,4.028024347703294,3.1064399442875374,3.0746443827510714,3.103140448549599,4.007481648826198,1.26238156582785,4.007160779990728,1.1739194404169573,0.09147108511350288,2.0614622332261088,4.006452836670218,1.252621722281825,1.280441384578813,1.2681702241095507,4.012842198512691,4.021604096680903,4.030218665493841,2.0833725488806163,3.175935181136474,4.032832268031547,3.0615655820378858,4.0357275296368815,0.1616243776542196,1.2741114225390893,0.11364164118093406,4.019398422350068,4.027669835121024,1.1744107004647075,4.013340786401733,0.11617779267175654,1.1302433400890572,4.0147205823849905,4.012875892226355,0.15744938655812846,4.028965236687789,3.069090269430695,1.250069808105046,4.007740527699685,2.1033380657521623,0.12063730591930172,4.027538638521351,1.2395307715634563,0.24258079978133443,4.01999990592155,3.1751037755383344,3.189361661215709,4.011648129273557,2.051855854386358,4.010064981679958,2.057333622076619,2.1834951429023337,1.2157838618606727,3.153614005570027,2.0542908797180197,3.1632809624999307,3.1285361247993846,2.1000187733847517,1.231184611848832,1.1634156834799865,2.0490311031815835,4.004643893789165,3.1203839046566575,4.032170036654672,2.121717616334077,0.05507281440185782,4.014005014088421,1.2490012851775916,4.009466494176651,1.1422912733002448,0.10589784075002809,4.018573893157811,4.032413095530727,1.2746217001882265
0.5712192794908135,0.7004258240754774,6,0.17205106137790088,2.116744323982139,1.0057362745307785,2.085374521012186,0.0,4.044746961012318,1.0825808240638393,3.096717425346664,0.06910401625870534,4.029833360368078,3.0764943442694173,1.0222797861583517,2.0188352305203527,2.0871667755578165,2.0948605427682807,2.1082511225872937,1.0443933925089512,3.1025815459617525,2.018004076985117,6.002990664917534,1.0201165127513614,5.02513087533075,6.003975240172899,1.03064278331199,0.1302854815472721,1.0027620654075562,2.0206577186768158,6.0140818468672395,1.0345818374091698,1.0200539652400946,1.0204422300724065,2.057946593928093,3.089987989180166,2.0492444807941825,1.0622949013977576,2.1120379435544216,0.16875096230775896,6.012883653506768,1.027711111210558,1.0693847136380006,1.0927927386510872,2.0228813151450535,6.007150806032905,6.011880567998809,0.12255230317426406,5.0240479932403685,6.00924237257525,1.0205326044540821,2.0460346866675647,2.1367562773686886,3.1109259893594303,2.071465813690322,2.018817514816856,6.0024324383151875,3.069899319774931,2.0458777476821455,2.0860267281409386,3.0688214838440464,6.007150196962252,6.025846173310092,2.1352097278611093,6.012334676708221,1.014323277830353,3.069722039235379,6.010357954290401,4.015004251637971,2.0933634301410535,6.003252172960456,3.089407295868946,2.156905319019732,6.00698491048175,5.03094918181656,5.031211816925632,6.00771206617784,0.20041616769421158,6.007986218733732,0.18284867503926028,4.041652252499076,1.0383560536028347,5.026985436185632,0.13302829235449995,5.027039900310109,5.013299986031972,4.033663473840277,1.071776489138283,3.081706781824527,0.15068084744358778,2.03926480999985,5.015577444363967,6.002791896953193,4.035462615482212,2.080748553643154,6.007225317723286,3.0876694786780687,2.062889788342303,3.0886418427657585,2.087987746098991,2.039683728421123,6.006329282150431,1.0886357208544484
0.006284641151219517,0.4983693145973398,2,4.0736421839683254,2.123596581332039,5.024237183536884,2.1766164236146963,4.044746961012318,0.0,3.166895190368483,1.0541409328961342,4.055455649942547,0.11228519205589951,1.041116598118541,3.1056555333820928,6.056838156342167,2.2031919277705176,2.203959926269897,2.155185024525099,3.1311336833139887,1.1034279038288066,6.04913655676762,2.0864320603335194,5.017977890971187,1.0798404375979556,2.0677830275799582,5.012414137219151,4.064378391970637,5.027558200298599,6.049751976966211,2.036641745043527,5.020530633900885,5.016519022358051,5.0407707140955775,6.0705461608094495,1.0430981084892434,6.064293166868732,3.1480695981146845,2.210239728970293,4.068063970925695,2.10322965183304,3.1047802894798875,3.150638641473535,3.17421733111582,6.048725589377839,2.055806380504983,2.0339692625591415,4.0646001175428585,1.1298886396531833,2.032915892446318,5.015832990597027,6.0834707666200405,2.228978644011002,1.07530974464123,2.189226892378578,6.052418583887246,2.0653034129619527,1.0628623142311724,6.069886073738247,2.2087997319096764,1.0967705484522277,2.077782795639041,2.0823961027658773,2.223251367980935,2.035593684838956,5.018754029264985,1.0204746946123595,2.1055986962600466,0.2623700924938453,2.2170236890258175,2.0591745371691954,1.0545396058534315,2.280944491613465,2.0603191722360568,1.067876869197232,1.106986005351742,2.091879999888097,4.070010348167112,2.1059610591124733,4.0691188510810505,0.05291498645465982,3.1252586433376432,1.0432457088287364,4.040512526878173,1.062739352238936,1.0826338683197068,0.2298468534921261,3.157514500653717,1.0934172367448,4.05369384939063,6.043578524368106,1.0466638886445794,2.053959201983349,0.15676790621915754,2.157645843102016,2.0807923683045124,1.0462325032854483,6.076133602843225,1.1278623854519914,2.208057899356532,6.0701171153306515,2.038995512658404,3.170004579995308
0.9560559491353429,0.8549637751672681,5,1.029882274367454,1.3789089085055324,2.066899254453439,1.232715171549694,1.0825808240638393,3.166895190368483,0.0,2.3131938074725227,1.0585251518624599,3.133106303199023,2.271059598188916,0.22129498017844415,3.013469759298103,1.2048643178299567,1.2266789332349806,1.3220896580706092,0.14414848549926335,2.3116076108851935,3.0234799238019976,5.024268638736566,2.088609242272836,4.08914868781222,5.031585792044833,2.107306275624487,1.045202187136878,2.058931939191334,3.0257476597778785,5.060908785007838,2.095589740753131,2.0912545567327427,2.049691137440276,3.040374496822049,2.301173503143242,3.038915560870366,0.10616652274780901,1.268731792924314,1.0453414679733746,5.04004017270945,0.2629484477346789,0.13785611909011378,0.06059140205981464,3.029804282886596,5.041500878685042,5.057108603105839,1.0424238432231743,4.077260119112554,5.051953562981914,2.0933105623488197,3.007500991565481,1.3161164178890299,2.3389193548140166,1.1754923047999655,3.0197930014972307,5.029010540008899,2.24937833589928,3.0270493377509085,1.1942630118985889,2.236161261064944,5.035411442170545,5.072391121562257,1.3185152992742655,5.057611241627134,2.082957580934882,2.2614100662540046,5.034147023550667,3.094842174205946,1.2057189096978582,5.032432537140114,2.2965563022056585,1.3106670857958906,5.039920982554974,4.103381209999796,4.096461025262872,5.032591112000825,1.0502086201199552,5.029123857746574,1.0467944258108923,3.159662681195949,0.1453853633498919,4.099860348361268,1.1088506557951365,4.096309336935551,4.064358918402879,3.1380919026414906,0.0337155117672082,2.2670814694544856,1.0793204684371958,3.0559658255438125,4.075859000492557,5.032863245724013,3.144781014908596,1.2422804722092637,5.0347211042870414,2.2950289414476823,3.0383398533994317,2.2719132970067513,1.201108109036111,3.019347593857858,5.044307769169381,0.07830640654052598
0.02059975423385818,0.16519040778515348,3,3.1376578853026764,1.1312301688003106,4.056499044653438,1.263393092097873,3.096717425346664,1.0541409328961342,2.3131938074725227,0.0,3.1117882884711463,1.075671093961987,0.08643730241740284,2.226987709968898,5.08343655040073,1.316533447728063,1.3085272116857498,1.1966249693529247,2.2474580569575426,0.15734405377390873,5.069430632632381,3.075272259851385,4.0529362339027015,2.130107715212123,3.05997537491888,4.036023321310805,3.1205425063748295,4.060707402150881,5.06864760705521,3.0246386773777925,4.0642568977990425,4.047962861791885,4.095092516209316,5.083904516796446,0.037086536218416996,5.0774636578224275,2.2726750221119905,1.3016877781173373,3.1208729164791826,3.0646927397883776,2.235963591399181,2.305299144293188,2.331882970138556,5.065519795796568,3.045335522082228,3.027259413569252,3.124936031004072,2.1711882874700743,3.0320980952788648,4.041510599826342,5.117670705831714,1.3139264891153044,0.06416499119614012,1.3078290513101611,5.074726969467427,3.063982966620552,0.1577093472491862,5.088998571681675,1.32999685435993,0.24818124672825329,3.0580990365876906,3.033712129936422,1.3039298292870718,3.0269991682903723,4.050018897884431,0.14117545264596135,3.071121488537377,1.0943543501031239,1.3380490264097962,3.057824456424102,0.03985590316373087,1.3997355546968127,3.0480462477154813,2.121122946231494,2.1557189467073075,3.066509854465306,3.1191056237023345,3.0764188283592575,3.1204569787471867,1.0718644062281326,2.255175892860045,2.095950589905073,3.0768064979137697,2.115247730572265,2.1229819289810763,1.0305603946883912,2.301163677933782,0.19082872974487697,3.094836262321747,5.049936720807718,2.090960842476537,3.057614514235666,1.0331749648742476,1.2305515054869323,3.059911645355451,0.037459340546830526,5.091207379320357,0.2642256948735535,1.3258317520845166,5.093357997604769,3.040817658793115,2.328392997522485
0.6390592285314888,0.713582813747967,6,0.1030074956198117,2.123618097605975,1.0153987256124222,2.0827698382056843,0.06910401625870534,4.055455649942547,1.0585251518624599,3.1117882884711463,0.0,4.038753143584435,3.0899664886256524,1.011920941113933,2.012035297354041,2.0816098262104368,2.089953889174482,2.1104580262844768,1.0266334865945357,3.11585545344541,2.0134650871598505,6.0034688757027785,1.0354959762579177,5.031355256416778,6.00529525626965,1.0490036914544232,0.06653028255759477,1.010145101169406,2.016096186983504,6.017632206164823,1.0510175537736253,1.035863268287485,1.0244048127117977,2.0497859836789547,3.104866471411396,2.0423051564329704,1.0410358302790717,2.1080764980557394,0.11318080436148682,6.013472505624617,1.0191112846861472,1.0502921487676207,1.0682360393823684,2.0188004140850038,6.009229420028196,6.01535062551602,0.05352234666852135,5.029049393856638,6.012533676135342,1.0360689911605088,2.033304126336513,2.133057340450202,3.1265357613330926,2.0660583952519116,2.0133157881962522,6.003765736751452,3.081580172894832,2.036935908852821,2.0797070697539666,3.0787658877932964,6.0082919451132115,6.028563055912201,2.1320313679461673,6.015770731457761,1.0281534866028463,3.083534674979703,6.010627402507534,4.021291084827667,2.086784819696267,6.004900063919461,3.1036327923646025,2.149131452903024,6.008853862979293,5.038122282248114,5.037614111505003,6.0083175330927086,0.15206130719344355,6.0080425516339755,0.13025769261867273,4.05210099101798,1.0230510965824842,5.034131293078657,0.16047867521589118,5.0338370280596845,5.017937381853669,4.041887870355133,1.049582561686086,3.0931847732409508,0.13706162449377587,2.038218400768417,5.021202825539714,6.004653191113195,4.044450563016971,2.0799460068291307,6.00824790833001,3.1021234235791444,2.053421463662958,3.0992171689926735,2.081940938758784,2.0302253156270114,6.009106274057869,1.065133468587927
0.10466598157472007,0.5524902551980494,2,4.054256544890143,2.114962264378695,5.014586666432792,2.152426269586711,4.029833360368078,0.11228519205589951,3.133106303199023,1.075671093961987,4.038753143584435,0.0,1.0539007718894013,3.0786017195880326,6.043605330331726,2.1746387680372115,2.176892002349937,2.1394487300846388,3.1017065435896143,1.1205744529973132,6.037420823178754,2.060897479529511,5.00973766308833,1.0564023218673861,2.0460742400379917,5.00597500585857,4.04652954254159,5.017221201065152,6.038156293399682,2.026634451734192,5.011996369481398,5.008674042711649,5.027943067097722,6.057990809870371,1.0626817078318105,6.052258798164537,3.116801365005371,2.185623452249272,4.0500238829752275,2.081769240478702,3.0777777350368694,3.1181712068800462,3.1394703586630075,6.037528582819048,2.038292995947311,2.022902452794759,4.046493444380302,1.0961534255492063,2.0201866177394248,5.008377878505746,6.067098970350893,2.2060901795347503,1.1009131183257816,2.1598297889169245,6.040114838948222,2.0427362527643536,1.0690635988933739,6.056451239948909,2.178992169315498,1.097338337333001,2.0567581777175508,2.072429015203715,2.2010654446302333,2.0245990257962645,5.010347641872236,1.032102787533837,2.0820668919567713,0.16214676581915752,2.187288852130381,2.0382232602948376,1.0722780699847825,2.2528477720307527,2.0419886515105996,1.0515580767094768,1.0829782020891845,2.0688902687748887,4.05207456957182,2.0807496701049377,4.051082093476625,0.09257825225369605,3.095814989861185,1.0290460812480444,4.02733179444393,1.04433103772732,1.0498331397694995,0.21482775525236325,3.1246029312798638,1.1013665621598534,4.038314649941027,6.034688186734538,1.0228786608060247,2.0333641808016445,0.1533733393750744,2.1358252605445354,2.059322876744732,1.0642094806165086,6.062872427537438,1.134025289119864,2.178802038079175,6.056083209762049,2.0233240251110747,3.1356119252530155
0.08725702252280221,0.22021963486907037,3,3.1134364572361357,1.1122213115303625,4.043193954235911,1.225587002780114,3.0764943442694173,1.041116598118541,2.271059598188916,0.08643730241740284,3.0899664886256524,1.0539007718894013,0.0,2.190419707266568,5.068849923307519,1.2744204119636804,1.2684023314298247,1.1692352095669862,2.209551121327503,0.17699868010960235,5.056319659673514,3.057641355252152,4.0406017528549985,2.1102394453437827,3.0442691870621443,4.025721654824546,3.097878563358731,4.046822229558286,5.055713802275271,3.0150618936452838,4.051263780144959,4.036122465027921,4.078224560687449,5.070706810432405,0.06604568229765956,5.064631045487134,2.2331900184003697,1.2651297463052387,3.0982679798400663,3.050004086429624,2.19904456364445,2.263644019275315,2.2886431751495824,5.053008789150008,3.031899282583374,3.016971522106349,3.1018503457741984,2.146881220122808,3.020767772625647,4.030286875783869,5.100438875096621,1.2805898870825494,0.14336582611749624,1.2638350391668456,5.061069041975625,3.047607926339189,0.0981417931289109,5.0747785410997395,1.2865555558902777,0.20027874738522836,3.0431194412405866,3.0252671626728316,1.2712496736200476,3.016812532670122,4.037742619184772,0.08659838459096789,3.0552249432576155,1.0637553329839242,1.2951423368162838,3.0422991332734353,0.0587234234877005,1.3620263559215833,3.034245462156412,2.1038533138703857,2.135051385943862,3.0506553913535286,3.096807100831869,3.0594917878797996,3.097944919498641,1.055954636611491,2.216570361860415,2.080023439858593,3.0588105133711547,2.0974223598380304,2.1002708114068915,1.0134284726313596,2.2596872533937065,0.1643083020141615,3.074888181604596,5.039797541632115,2.072087252267693,3.042097483148478,1.0170926099730875,1.1948655927217318,3.0447330911078936,0.049795237004116644,5.077407411574369,0.24558901402482403,1.2830667600919916,5.0784397436652675,3.027903731563805,2.285341021935873
0.7357001508068283,0.8345973715775079,5,1.004599543114002,1.3138681618921726,2.024498484595922,1.2115826261665854,1.0222797861583517,3.1056555333820928,0.22129498017844415,2.226987709968898,1.011920941113933,3.0786017195880326,2.190419707266568,0.0,3.010493057934465,1.1993640193739996,1.2184535362599034,1.278983788039925,0.16460490351759066,2.2345526379684517,3.01617208731343,5.012143943728305,2.0365323258492496,4.049417820045451,5.016329145226903,2.0518431917178006,1.0110811981864518,2.0200907393045324,3.0186765894382197,5.037700176093491,2.0405007477436583,2.038959458808669,2.01366382864936,3.0424438959797797,2.2151510567608703,3.0381430426902734,0.2067289996059593,1.2570848353318758,1.0171145015647358,5.028418604532643,0.07694063085629295,0.1669564299510667,0.23453270567184625,3.0219277706910126,5.023602824406526,5.034020990877405,1.0067298626526162,4.041797486137342,5.029316889932978,2.0422430326346754,3.017402086820116,1.305053083265908,2.2515766070679417,1.1676610301048924,3.0144061437353953,5.013464902475596,2.1767193959358355,3.0300642303139487,1.1927011249295785,2.1716177581787695,5.021204695781036,5.053305712644271,1.3047272647144492,5.034710456517449,2.0339290760268653,2.1781502546700118,5.023553541331522,3.051211050482537,1.2061585314195826,5.015761343198575,2.213688193659781,1.3214126342756785,5.022842420506847,4.060057817701549,4.0556433014947375,5.020500357398541,1.0251651922580827,5.019139386301699,1.0202411670866218,3.0990393282334274,0.07597540884683442,4.057075783065106,1.0478152328704344,4.054557224430258,4.031138168701974,3.088044632053482,0.18853352625732211,2.196553654693692,1.0352417716347817,3.0427074496049826,4.039235038049903,5.015233869630645,3.0912355543806513,1.2113103223313448,5.020982975439857,2.2108434889773068,3.043239011954529,2.2061807056520686,1.19827248914451,3.0229751534045026,5.0234460504689125,0.22101621113343
0.8277280448500003,0.6009324007547814,8,2.006698302198449,4.054870512504729,1.0648234995230739,4.025165048874017,2.0188352305203527,6.056838156342167,3.013469759298103,5.08343655040073,2.012035297354041,6.043605330331726,5.068849923307519,3.010493057934465,0.0,4.021596834380063,4.025454355913921,4.042341892150722,3.0034886576833593,5.079447569172974,0.0921305471784102,8.0037097124558,1.1057266662303817,7.042993085654949,8.006322338670811,1.1101625992350441,2.0059601953296045,1.0540442759796047,0.10930265029189043,8.017667000771432,1.1364920772480902,1.1019915233669189,1.0896526645622038,0.25529501045886915,5.079905523222739,0.23017511763721593,3.0054611815591423,4.0336548408651325,2.0028678184819615,8.007687818969135,3.017814848465045,3.0203841621119274,3.0191710812897354,0.13947583268033142,8.00969537362944,8.016531042558478,2.0086715110782576,7.041081117027554,8.014985323480495,1.0923383024269118,0.1778862687922236,4.04426363756769,5.091692915696457,4.015964350252926,0.06058121923214,8.00616650080483,5.059519129004495,0.17668117218118773,4.020157676186287,5.053352305810404,8.006743975793672,8.020509584362214,4.044427017354059,8.016551426413082,1.0883340288464616,5.06785200935705,8.005724278387174,6.026592380291242,4.022608364179129,8.007306922742577,5.0770339604579195,4.046815745573414,8.0089337146556,7.049270905407128,7.049410091136359,8.005480165996184,2.0015384979510222,8.004215018016392,2.002129253426718,6.0553897859589645,3.009887999490093,7.044648691085968,2.0164563543562073,7.045036700021112,7.02919351808814,6.039494709558463,3.012595771572114,5.063952802055637,2.007232120467542,0.2978519345577991,7.031581819998468,8.008110970420699,6.043826842725941,4.0262318056588,8.006431101941734,5.077228874743031,0.2613404848071111,5.064307524417355,4.0212550568462735,0.13060001136843274,8.012156380377942,3.019934590756393
0.8766129236330104,0.18759069354134383,4,2.0790838884648117,0.3938509244594625,3.0658053883393706,0.09087210532265932,2.0871667755578165,2.2031919277705176,1.2048643178299567,1.316533447728063,2.0816098262104368,2.1746387680372115,1.2744204119636804,1.1993640193739996,4.021596834380063,0.0,0.03909459204492416,0.25715500210881925,1.1421425168614368,1.2589784651680649,4.0155011050195375,4.02272633475177,3.0880723712015263,3.1762984676250063,4.025933811025504,3.0736077148723457,2.0694527627000685,3.0618912611757114,4.013513881641878,4.036386392905187,3.1128422056694833,3.0815689311084835,3.1038624669070187,4.004047532755773,1.3143881380687157,4.004455490244897,1.1499338413635714,0.10953012531740142,2.0575936045956005,4.009526753878288,1.2415509751974718,1.2576992124108295,1.239437338600723,4.011534437817424,4.02690729834968,4.038243079414938,2.0798954319656153,3.1842643676023727,4.040288664789928,3.068811642533796,4.028190788915474,0.18359688118372303,1.3294532802221195,0.05949736934049975,4.016876281862435,4.0310674753283555,1.2201858072247804,4.009037921160904,0.02634582966046325,1.1728869403016935,4.018370619663187,4.020629183999323,0.1876176378535905,4.036984799995808,3.075214345435814,1.2977455129429,4.01001362007666,2.119953337618487,0.033164247337832964,4.031606659642022,1.2909918384858878,0.21075507537436683,4.024927955151267,3.1884147115422468,3.2005606095732895,4.014347696317835,2.0479079557485944,4.011726009323967,2.0533628959282684,2.20894138029449,1.1980601888933102,3.167417831800699,2.0582866334855114,3.1760058904537907,3.1371358201575608,2.122888383725658,1.2055070401305434,1.2103302995399936,2.0493278584125583,4.005893087846047,3.131500610659006,4.036493154542605,2.1457341289038445,0.14376343947101566,4.017442743830498,1.300381490858082,4.0051394660924755,1.18817426725656,0.015033100834384899,4.013683823295269,4.0387200625301505,1.247035661506664
0.8644161482623398,0.150447379234238,4,2.0884672985244697,0.3671458809761789,3.0702697618649775,0.07184099998955044,2.0948605427682807,2.203959926269897,1.2266789332349806,1.3085272116857498,2.089953889174482,2.176892002349937,1.2684023314298247,1.2184535362599034,4.025454355913921,0.03909459204492416,0.0,0.22709697667075904,1.160536196033433,1.2481135441039626,4.018505313598334,4.025084833363831,3.092679093597362,3.1818312094147125,4.027826919909942,3.0766584932895773,2.07777707483655,3.0665279262806076,4.016324205516567,4.036485954934584,3.1184262500346254,3.085726123110407,3.1111091535161344,4.005989757820706,1.3074482532519134,4.0064032151285645,1.169227576362065,0.07057935840729533,2.065418572484318,4.0101129205826,1.2615917598285136,1.2804227640272987,1.2624354907936772,4.0140493254849146,4.028057719554301,4.038709803393221,2.0887944926630526,3.1912449037345367,4.04123964856928,3.0722408365888,4.03298750272998,0.14563162716062003,1.3196299392937831,0.09430653114725537,4.020157265520731,4.033400775823362,1.2136218663409963,4.011824841273371,0.06314277298058996,1.1653629201778122,4.019639238629846,4.019260275398676,0.14893582052385368,4.037356857914127,3.079422272797968,1.2938890861496286,4.01107667489947,2.1229007742445503,0.05554718564102493,4.033685766485687,1.283286055748069,0.18795649675281853,4.026115599492366,3.1934198195359045,3.2068063658494417,4.01568567392357,2.055160763075976,4.013253322065535,2.0609622800190412,2.2106233589601167,1.2182161082808127,3.171582925108434,2.063704736162903,3.1809253858249424,3.142654600472993,2.122164087883899,1.2271077075521097,1.2014558223403475,2.0554724363295245,4.006871949077417,3.1357468815204306,4.0387642769019205,2.1455377961608124,0.1268404565037386,4.018729206018952,1.2933161877136032,4.0073015165252315,1.177704532804416,0.049889025104197154,4.017053244514165,4.04018741604927,1.2701281807648162
0.6658225014989064,0.04029475657730841,4,2.119675673170266,0.14359709411321864,3.0716872598695004,0.16958760058153136,2.1082511225872937,2.155185024525099,1.3220896580706092,1.1966249693529247,2.1104580262844768,2.1394487300846388,1.1692352095669862,1.278983788039925,4.042341892150722,0.25715500210881925,0.22709697667075904,0.0,1.2370756919693695,1.1370260697617207,4.030770183418756,4.028391739433476,3.089448352506976,3.168385642499945,4.026968617698493,3.0674181227384465,2.1029910893136803,3.0702345104558018,4.028230972121167,4.023414152992356,3.116219009927874,3.0811723069788948,3.123022293358611,4.020936740136224,1.1993641549539205,4.019729336958439,1.2553150818375345,0.18840165128430994,2.091575268660298,4.009338665645102,1.3199136857248106,1.3652782408946753,1.3602120735921843,4.024743255167667,4.022770751940522,4.026715682849747,2.114893183722998,3.1858068539246807,4.030941489890034,3.0663585520605787,4.059513063433414,0.19509937198199476,1.200445020342907,0.28168718449886304,4.034218932341075,4.033406128027388,1.1218073974753382,4.0294356979276635,0.2833780013317865,1.0806132894482074,4.018163922128324,4.006276893499943,0.17961863010046747,4.025291762494919,3.0767146437994324,1.199352993033663,4.0125096885719955,2.098926868019063,0.2823288831363236,4.0319695739891,1.175969721339676,0.3231344760179494,4.021703011522087,3.175099190272419,3.194279166696863,4.0164007971636,2.0810533108147307,4.016457948260218,2.0871730864267333,2.165210268895826,1.2912243224254427,3.1514599442561235,2.070385224507959,3.163867236538132,3.1354315342626515,2.080776993136832,1.317814754002235,1.10471394881181,2.0710282080768425,4.010524336263068,3.121789456120185,4.036639941194133,2.1019313862809748,0.13194780362814781,4.017745339684626,1.1867452822308693,4.024428529045906,1.0820590118378564,0.27173854547550114,4.036471680882382,4.032918149532535,1.365507150474923
0.8699532479395012,0.7393562031033633,5,1.0085414586762733,1.2854532130180898,2.0410947186967907,1.1618501808849857,1.0443933925089512,3.1311336833139887,0.14414848549926335,2.2474580569575426,1.0266334865945357,3.1017065435896143,2.209551121327503,0.16460490351759066,3.0034886576833593,1.1421425168614368,1.160536196033433,1.2370756919693695,0.0,2.243744719594593,3.0091244052494615,5.012364032543787,2.061599874036827,4.074878041643946,5.017877114913778,2.072691683772259,1.0153958854050276,2.034610329119639,3.010676257707975,5.041190028872678,2.072526119927392,2.062163132179558,2.038153346020135,3.023973477247686,2.237115435864029,3.0218849962312455,0.05748111625777603,1.1971994090878082,1.0135359851466408,5.024031735387282,0.2367277265391384,0.21116980744069633,0.19600644101606754,3.013387483629026,5.025439607673576,5.038286003527246,1.0159982877193636,4.067358240974511,5.034381046090975,2.061192018041203,3.0042101586701073,1.2407546483561955,2.270160887888006,1.115729640363924,3.00696610337286,5.016295249192456,2.1887665595460404,3.014159576380344,1.1342262276080128,2.175991160160991,5.020444200447728,5.050140353997194,1.2420244352014216,5.038604989012291,2.0547132291405146,2.202731085664828,5.019493974286543,3.06695472812816,1.1450478447251358,5.018860235482253,2.232011081546686,1.2442884158631224,5.0241283116172735,4.087141863669225,4.083728551841942,5.018257004436296,1.015567670597492,5.015707295084488,1.013936903392893,3.1259244030266786,0.12019036412016411,4.0817083973004475,1.0572832233015668,4.080165497285532,4.051321964141739,3.1015202836040916,0.13095263773557594,2.2036241567084334,1.0346608018462002,3.0323844281024472,4.059114406447585,5.019543894401841,3.108552764420716,1.1677565412224902,5.0198998411171765,2.2311707009004533,3.023442217827418,2.2073595778542314,1.139778128145562,3.008899864573594,5.028355116806783,0.2017387062917737
0.12473088379734076,0.04723338546837963,3,3.1393194267765923,1.0781033413719432,4.0627239480685615,1.2071622956556722,3.1025815459617525,1.1034279038288066,2.3116076108851935,0.15734405377390873,3.11585545344541,1.1205744529973132,0.17699868010960235,2.2345526379684517,5.079447569172974,1.2589784651680649,1.2481135441039626,1.1370260697617207,2.243744719594593,0.0,5.064745411218833,3.073013315434306,4.063040976292468,2.1715627005914078,3.058997857582298,4.043228793963217,3.121618263001269,4.066134053555846,5.063320533733005,3.02415385401899,4.0781493701240645,4.056938745771499,4.106667157737164,5.072503168079624,0.18492703202498498,5.067204130955456,2.267162729227636,1.235605234485496,3.119385924090038,3.05364392980935,2.248781334312926,2.3130692308411454,2.333385164017618,5.059680750274739,3.04382246328223,3.0283561477012615,3.1277872167501464,2.2139858419313443,3.034952916724012,4.048101497369815,5.111276812956725,1.240574894101659,0.1324017036799543,1.256646931322377,5.070059944856332,3.0653779611347693,0.1442934289331308,5.0796053601311675,1.2730119641044926,0.1643301555224478,3.0530526341423756,3.021778906361503,1.23118287065522,3.027442994498746,4.057938341327319,0.2630347107552426,3.0611668669049306,1.121926924347503,1.2783624082332057,3.0592820758013883,0.13687161143637327,1.3212338787280486,3.0457965328383945,2.164785127979003,2.202017721158316,3.059464608614702,3.1155253078351914,3.0679572860075237,3.118047022749666,1.1253576837387187,2.2596730862830006,2.13480489217184,3.0775599067371493,2.1564109395570203,2.1557247805523483,1.0473868844423602,2.301302905247784,0.09273319529814378,3.0930873002793673,5.0419460237873155,2.121937672985761,3.0610333913825793,1.0607727180151656,1.1774350868739216,3.0544328764480473,0.16622163943971818,5.079305724757893,0.12804995300927427,1.268032138190407,5.085371444089403,3.044094007358304,2.3315813297320345
0.7752666658810737,0.5251970626353015,8,2.0116836732493284,4.040924033634627,1.055969056862124,4.017324493850219,2.018004076985117,6.04913655676762,3.0234799238019976,5.069430632632381,2.0134650871598505,6.037420823178754,5.056319659673514,3.01617208731343,0.0921305471784102,4.0155011050195375,4.018505313598334,4.030770183418756,3.0091244052494615,5.064745411218833,0.0,8.001919785468758,1.095736275138215,7.041373437646159,8.003818912520131,1.0905545070051608,2.008101365779872,1.0469883220155478,0.023462271004327424,8.012740327157328,1.131539922402368,1.0893405129893152,1.0985397676683115,0.2170908044868838,5.066474719029955,0.1810843531976758,3.0124135269201298,4.025229473973807,2.00428739859258,8.00418100963617,3.0244808204129954,3.031021190657573,3.03067279213813,0.052254934135370766,8.006241490969536,8.011979221337244,2.011973781440477,7.0410896372391685,8.010952136005072,1.0756793388530315,0.2552625177540427,4.034529733886074,5.076617952649397,4.010716255798041,0.03286529345809077,8.004079246936538,5.047322986395244,0.16516072436503962,4.014645056899393,5.041300659585503,8.003703946308892,8.014465921588808,4.034452099404126,8.011920554491553,1.0766085846304358,5.056226585038318,8.00277154628447,6.021586814960693,4.0168558119258355,8.00487622808939,5.063464580731661,4.038834803005623,8.005582636173006,7.046923048663017,7.048381747631288,8.002678938782914,2.0019298781295505,8.00177064000373,2.003167384341589,6.048395390528553,3.0171186249292457,7.0415680767387165,2.010662015050083,7.042716378806799,7.027997645987887,6.031493479131582,3.022135859710621,5.05079660897464,2.004069445385087,0.20837211968654096,7.029000567125242,8.00579603183981,6.035956639617759,4.017639125229113,8.003446419180051,5.063882709454265,0.23653664101838212,5.050757756806928,4.015442073399644,0.1511677704770205,8.008780632096565,3.0314411200079117
0.6004042681791637,0.5132222997434809,0,6.005831411330716,4.032388307687969,7.002995174978438,4.020792004164002,6.002990664917534,2.0864320603335194,5.024268638736566,3.075272259851385,6.0034688757027785,2.060897479529511,3.057641355252152,5.012143943728305,8.0037097124558,4.02272633475177,4.025084833363831,4.028391739433476,5.012364032543787,3.073013315434306,8.001919785468758,0.0,7.0067329843904345,1.1777137104733042,0.07446080560019862,7.005099833848425,6.0034293410384985,7.002497530929974,8.00203537476444,0.29198226316140896,7.01162564875943,7.005692626077137,7.010939882126175,8.007760265598817,3.0707196832764767,8.006001292578153,5.016317375589696,4.03095381016001,6.002972572809727,0.20394870947734686,5.015965585624327,5.025566159143321,5.028736391270971,8.001942674729058,0.15345074216178198,0.271713036345872,6.004502309970579,1.1875484698469307,0.24644408828451203,7.003893397205128,8.011068581264384,4.040361287498599,3.0859618195573257,4.017384422109927,8.002552444814311,0.08391353212580922,3.047768202152893,8.006754832810106,4.022790611229726,3.042696666821949,0.11238970107053141,0.3836397440028646,4.039581292769448,0.2728795764434042,7.004529828565111,3.056095795924071,0.16419818511981607,2.027897074835885,4.02549160317056,0.1044972996437168,3.0677055408734635,4.050272075443695,0.13997778318291013,1.2005492498211137,1.2155961282245833,0.11497242038630442,6.002626077246499,0.12443416237470434,6.002830275066046,2.0850721707448123,5.015365023652137,1.1705812241674212,6.0003080151817505,1.1801724929247306,1.1146349960065147,2.0491049015919516,5.022305952635741,3.0545092986432563,6.000636047749821,8.002915504057663,1.111229150955759,0.13327734965544943,2.057810346523582,4.018706530657329,0.11078297323763667,3.0676403677350246,8.009157600407264,3.0571863769789864,4.023295137216664,8.006626965776464,0.20000840335590364,5.028507199831938
0.3702786340738169,0.7165675900073459,7,1.0660317437934776,3.0863092712748923,0.10870638580534579,3.081570382414895,1.0201165127513614,5.017977890971187,2.088609242272836,4.0529362339027015,1.0354959762579177,5.00973766308833,4.0406017528549985,2.0365323258492496,1.1057266662303817,3.0880723712015263,3.092679093597362,3.089448352506976,2.061599874036827,4.063040976292468,1.095736275138215,7.0067329843904345,0.0,6.0083346157846105,7.005656116215083,0.12506855783308635,1.0536315360705555,0.13921200660073305,1.1019144667020468,7.009731881701419,0.10512981155657475,0.03846416120449838,0.2252840527363734,1.1943462325928074,4.047804987587431,1.172175748474565,2.0760246164647094,3.1037451151103133,1.0655285015032205,7.016513248567173,2.034939282596457,2.0714050975029648,2.093430496520322,1.1048749972259317,7.006940023612991,7.007735436705179,1.050155337748863,6.0095266948166115,7.0055317790395,0.10724295054069617,1.183525176160064,3.1215295989664646,4.063261710350217,3.076078937785268,1.101360987003668,7.003894047056897,4.040225941713121,1.1729708374349634,3.0885107014404034,4.044030258764342,7.009442389972123,7.023464781960876,3.1194421723674624,7.0083056131815615,0.05678326913048526,4.033633729541627,7.014806116536505,5.004351191597149,3.09442132640682,7.003952096066221,4.0493155313658775,3.1436388510069304,7.007348361003019,6.011027491134314,6.0122790691396535,7.011354186199786,1.0749322309501232,7.01294580615359,1.0698048443593848,5.015547461905775,2.051968501954611,6.008530410338183,1.0311529553081427,6.008882138040998,6.0028614841697285,5.016652036767634,2.07976781639255,4.050659391847096,1.0500430409779475,1.1256804732043757,6.0031370130964685,7.0027860671244655,5.015738223608898,3.074856883745771,7.00982240712348,4.047145288263965,1.2090242398603597,4.058770878908238,3.089515779920388,1.1617011075276937,7.003998758052696,2.0891377802362188
