X,Y,cluster,0,1,2,3,4,5,6,7,8,9,10,11,12,13,14,15,16,17,18,19,20,21,22,23,24,25,26,27,28,29,30,31,32,33,34,35,36,37,38,39,40,41,42,43,44,45,46,47,48,49
0.5177777941802345,0.30773775303906237,1,0.0,1.1839394073495852,2.135106407778052,0.06705896274610389,1.0458170692246462,1.0746038005184888,2.085395269262589,1.003065097614398,0.21158517272750135,2.048044397931828,2.0785555277142045,1.1395573583985095,1.1256186246038187,1.0518987200683114,1.0299437148050419,2.0948250082985505,2.0714241015220294,1.1414452952945469,1.129890241901424,2.037862933929467,0.22401638134734453,1.1465434207135157,2.0821930571378666,0.4446947590802389,1.0360062360655715,1.111813904491538,0.3920556530082855,0.20902019483149628,0.1420381873666334,1.0739195249561984,1.0887827031808972,1.0569249833936116,0.19721497597640253,1.014094957443283,0.3011946626968981,2.025123978306049,2.0588398553907314,1.008831592517433,1.167501095061178,0.24928904751045516,1.0506588623562931,1.1062668678069028,2.0325924351379414,2.065108019658604,2.1107233099822946,0.06856213603023445,0.3885025059223308,2.022414024448657,1.1698555329478004,0.2885265777720564
0.8803683673048924,0.8275844579015814,2,1.1839394073495852,0.0,1.2430974264122496,1.1495079745428598,0.34062337188394476,0.2419052742354399,1.1405692830834029,2.089702116863593,1.2181259792600303,1.212451389117217,1.3574839616266574,0.3040014114719141,2.1560027553486116,2.096960063769645,2.0556260304356853,1.3126698472816534,1.33165853623476,0.24172431438419317,0.11788775732357971,1.2118299710196723,1.1356242383236088,0.16560701541036865,1.1350560247597827,1.4507195456018769,2.041514892368871,0.15560088079395165,1.3437966967234807,1.1436126047871302,1.255802930821462,2.0911706239677192,2.0838034705953588,2.0377793077507085,1.2963813487806015,2.0561762783933495,1.3425208691379398,1.19574291813723,1.1784055257993888,2.0945755672305726,0.050612700824807844,1.3246447330572209,2.0706499286619353,2.135218398592707,1.2471480984298167,1.2231468432565276,1.3169507788545067,1.1554333777643835,1.3940572606728787,1.1718652198711998,0.21797927902682926,1.2973399622936606
0.15402803083627858,0.9607044307509611,3,2.135106407778052,1.2430974264122496,0.0,2.127190599562851,1.1704275378469056,1.218494509428268,0.2014973271813042,3.1047613356053527,2.0835519269353884,0.3326422244458388,0.43773487992645155,1.0914121442263698,3.2417924251869357,3.1670630805833437,3.1165934803039432,0.27938303840764384,0.41431448124197123,1.3440656289109423,1.245110646298182,0.3868445853473526,2.068327846371256,1.3053007383381252,0.2151584326865315,2.179942222664858,3.104096697067483,1.191994603446591,2.0944313237717638,2.0715300684020437,2.1359246166389023,3.1792179802734255,3.1835127692760254,3.119757154470542,2.189921738456884,3.0911762854944804,2.246306162503088,0.4492327534769653,0.2596051940317265,3.120173377029924,1.2148289572294462,2.1540779560139063,3.149005576328746,3.221809311285823,0.46367686095342164,0.2608089523795758,0.23086107078853702,2.1151705921342927,2.1433027446388304,0.45183649974141005,1.128564748981567,2.1019974803148327
0.5594836216294315,0.36024992725953386,1,0.06705896274610389,1.1495079745428598,2.127190599562851,0.0,1.0289314255406499,1.0519069884599865,2.0760101842166936,1.0028522510225553,0.23442465982466956,2.0467632381638325,2.08381378155803,1.1140368615645884,1.1247483638926048,1.0472111791614112,1.0192767288835514,2.09544666881496,2.0756417673678893,1.1123982869852371,1.1002820337003436,2.037523461479008,0.19768188920028193,1.11586779303573,2.072785982594767,0.507183584713061,1.021937555756365,1.0845188547159998,0.43297209339428494,0.18748155688575874,0.204098551386814,1.0656191038455736,1.0774389387521934,1.0398959122475415,0.2612934856951638,1.0055236588120429,0.35563768578033905,2.0249732785900947,2.054370539893082,1.0088348497023976,1.1346322398570676,0.3133133278492647,1.0407155027347075,1.1033567677124438,2.0350168631616774,2.0628432876198457,2.1100417105638307,0.044554263909871064,0.4457171630909484,2.0210165965359814,1.1395056660956278,0.33269720308891865
0.6362300627010414,0.5900538920816318,2,1.0458170692246462,0.34062337188394476,1.1704275378469056,1.0289314255406499,0.0,0.1267839511591456,1.0814140254447497,2.0223000850648396,1.0626255216278213,1.0832094826479541,1.1829166234845394,0.26745218287755534,2.101809049216738,2.0465297220769667,2.0157722799808564,1.170690564924582,1.163516723234381,0.34376152759755235,0.249337067650081,1.075366205847889,1.0215816534048103,0.31755802937975275,1.0762305307873972,1.2266320081477275,2.00934807213011,0.18606872298837174,1.1498216098066676,1.0244363459538772,1.08531319661372,2.0513310660398947,2.0525713495061475,2.0153043028677184,1.1194074365023556,2.008378712171316,1.1633817678634168,1.0583549782148927,1.0752359299018817,2.028076254457977,0.30305518406393195,1.1316679249167965,2.0321781683137825,2.084881024488705,1.090439699232499,1.1018455338647064,1.1853668738258407,1.0294114676119672,1.182694569479616,1.0445854132469883,0.30681404511491717,1.113254046975487
0.7599442785893927,0.6177840752518712,2,1.0746038005184888,0.2419052742354399,1.218494509428268,1.0519069884599865,0.1267839511591456,0.0,1.1157957784077435,2.0328475505932317,1.1097733743839193,1.1354845774213327,1.2544585554854886,0.296186839475147,2.0945656340527523,2.0442914441460918,2.015413523287537,1.2361184843448247,1.2322393031577092,0.2198790326629118,0.13319698709213762,1.1272449349841853,1.0546113775442674,0.19100932057454542,1.1097572261470081,1.2938292396469462,2.0081147303067532,0.1112274136652108,1.2157533039275406,1.0586785257123723,1.128794233722699,2.044450145687489,2.0425616886054287,2.0092443096122428,1.1576152337320935,2.013829632923064,1.1958732857192347,1.1063107118378877,1.120912879035454,2.036417225630387,0.21692992483422568,1.183773046359089,2.027794395365176,2.0778525328693864,1.146898883366024,1.155422916586804,1.24995023341258,1.056830237914153,1.2481772536315414,1.0879098844148796,0.2902169954088092,1.170953340105106
0.33338242738212454,0.8688721199835358,3,2.085395269262589,1.1405692830834029,0.2014973271813042,2.0760101842166936,1.0814140254447497,1.1157957784077435,0.0,3.0658564112744293,2.0534482558742693,0.25876057590107915,0.4580271279639358,1.0294661070139233,3.17683968423309,3.1129059240993464,3.0706585841411247,0.336571209358328,0.4232439483878408,1.2190368137063468,1.1377936021583372,0.29981289073979056,2.0333706168520167,1.1869890158558378,0.013873951053824288,2.154740138199606,3.0600978895682016,1.0961481014085608,2.0791439509340277,2.0363790707016394,2.094712918982012,3.1215930261827727,3.1242177783675764,3.0715003013077147,2.138747346977334,3.0520860867909008,2.1861374449223674,0.33724196860469136,0.15815211236294552,3.0776749528701535,1.117442618934403,2.1170024635747153,3.096482463034666,3.1590584842231055,0.3882423784497433,0.22174925833054307,0.3237517114644087,2.068013994424456,2.1201831090776855,0.32119408544517297,1.0564005206642526,2.077005549209204
0.5948169399346583,0.2934353031226907,0,1.003065097614398,2.089702116863593,3.1047613356053527,1.0028522510225553,2.0223000850648396,2.0328475505932317,3.0658564112744293,0.0,1.0405387565809583,3.042287358934943,3.0679527095924373,2.076319532321295,0.44541455509988054,0.24918985877705,0.17855575966633275,3.078902857451257,3.0622693919579382,2.0606916589080178,2.059780350029182,3.03473177244948,1.0364774544051893,2.0653676779356376,3.063362942966363,1.1215367705460502,0.21574350314566607,2.0535343170297486,1.104972512724009,1.0335907128962665,1.022016779808974,0.3133062146030488,0.3523567883531454,0.279952458662839,1.0244022261865877,0.1283593634552837,1.0428644775380778,3.024595845787519,3.0489073094587957,0.05978446389427713,2.082268200697002,1.0473982988755217,0.2449280166527931,0.39932881996267877,3.031566165706993,3.0549969895888296,3.0903635409090664,1.006369496860412,1.1003476029798156,3.0217497298903346,2.0898754260639363,1.064948258048209
0.3290711249487014,0.4034356020518136,1,0.21158517272750135,1.2181259792600303,2.0835519269353884,0.23442465982466956,1.0626255216278213,1.1097733743839193,2.0534482558742693,1.0405387565809583,0.0,2.0162055037127837,2.0311906751850293,1.1233194399477466,1.2365942869044728,1.1349684623680802,1.0880947051173318,2.0435233102723536,2.0266770943303283,1.2102248185411502,1.1706762388012857,2.0100482888412112,0.1595434997191111,1.2039530336590014,2.051603008490494,0.3692156314528707,1.087625962196194,1.1365193484802603,0.21193959562918852,0.1413900729058735,0.1659247007195712,1.1658364858588444,1.1844305310559948,1.1205829777207779,0.30925524123128273,1.051312719364048,0.44134508380354825,2.0045541889524476,2.0268716972132594,1.0577321269468414,1.1945741087069075,0.22919946163149996,1.1282801941403962,1.2119054417941642,2.005847734435976,2.0271291502875086,2.0556803755390347,0.19078908229988986,0.28008836496400347,2.005213278672573,1.1660042113541456,0.1310595584677945
0.222335114685961,0.6351510683351688,3,2.048044397931828,1.212451389117217,0.3326422244458388,2.0467632381638325,1.0832094826479541,1.1354845774213327,0.25876057590107915,3.042287358934943,2.0162055037127837,0.0,0.23320380673609103,1.0828356704876236,3.1467598430907353,3.090902305563871,3.0587975979338036,0.19689316223002667,0.19457878796313235,1.254664387715933,1.1849307102348428,0.05464677183330369,2.0152467246220755,1.2329291904072512,0.25621480301832744,2.074112228996096,3.053398697465562,1.1392385431006748,2.0239824308877448,2.0157065271135557,2.043795611539226,3.103578268917969,3.110010520581873,3.0678305800172514,2.0781006265710538,3.0393523821267143,2.117783931988408,0.12417215526300043,0.10060905453517827,3.052788520299204,1.1851278734453183,2.0539020059067337,3.0819415936633954,3.1323964378300766,0.13514025435511803,0.07549185465742907,0.23808139595412695,2.0382283436438158,2.050268058233551,0.14443706537019,1.1271261987706473,2.024958315385478
0.005677941653720042,0.548874276265217,3,2.0785555277142045,1.3574839616266574,0.43773487992645155,2.08381378155803,1.1829166234845394,1.2544585554854886,0.4580271279639358,3.0679527095924373,2.0311906751850293,0.23320380673609103,0.0,1.1907751954549453,3.1885485812017205,3.12959539751198,3.0977738969334423,0.16078453310681184,0.03865900379424355,1.3970878503607504,1.3210707473268277,0.2376802191287699,2.0468953666686045,1.375957671472076,0.46020631667788897,2.05475125010514,3.0942710013645107,1.2654685724840304,2.014588029719769,2.0458202760837425,2.058359782001871,3.147621949937575,3.1578636584024427,3.114011098258843,2.0940036312055446,3.072393902860808,2.1356152731954494,0.2889410700969324,0.3143406310033534,3.080402755038706,1.324626170041514,2.05670799106297,3.124294318124929,3.1747284773682627,0.21069003173132791,0.2375877730818324,0.2209890379313024,2.071756379769364,2.0368528738564833,0.3316144229638579,1.250936304070953,2.0256465066677505
0.5772642933179676,0.8509249486728747,2,1.1395573583985095,0.3040014114719141,1.0914121442263698,1.1140368615645884,0.26745218287755534,0.296186839475147,1.0294661070139233,2.076319532321295,1.1233194399477466,1.0828356704876236,1.1907751954549453,0.0,2.1956279463828015,2.1179775729613626,2.0650378345185603,1.144975553489895,1.1704627175996245,0.4703955610972934,0.3085689885234271,1.08840047813182,1.0628688744739627,0.4057807806661696,1.0268013705939858,1.3323321103486558,2.050039689858509,0.21964841630779444,1.2100823061305257,1.0698646710855324,1.182540188881982,2.122501790203024,2.1214046560177016,2.0578164592959327,1.2441845975616392,2.0499612540847627,1.3099473259809569,1.0865568987306664,1.0549469495168333,2.0881728457710813,0.25421654463678967,1.2368080668403187,2.09292695584624,2.172218810051635,1.1212181858252992,1.083619470135216,1.145093680376182,1.1085083508709408,1.2732983257443982,1.0721622051844275,0.10522184638918948,1.1851948682996494
0.950596765936538,0.025452390785174694,0,1.1256186246038187,2.1560027553486116,3.2417924251869357,1.1247483638926048,2.101809049216738,2.0945656340527523,3.17683968423309,0.44541455509988054,1.2365942869044728,3.1467598430907353,3.1885485812017205,2.1956279463828015,0.0,0.2143768438700289,0.39456887485042547,3.2085785965248625,3.180093955334403,2.083077939417954,2.1170773155606724,3.1329669465556296,1.2259662794916626,2.102561027866322,3.172486176577423,1.2967236699519378,0.45593229403845353,2.1286927335815093,1.3330088617741362,1.2213738554351032,1.1685764851816614,0.19857857183579075,0.22068918483492825,0.4306379391049321,1.1202557920419327,0.48406535749652396,1.088074308784026,3.112771311722554,3.156047931536164,0.3858494098721177,2.156572827979237,1.1988596217021112,0.28946472304563686,0.05881918536053905,3.1261900965100353,3.1686519246593114,3.2262627105400754,1.1446844715496727,1.2931050691378476,3.1062661323794343,2.1983179897153886,1.2672059294125972
0.8257004249659287,0.19968882555077716,0,1.0518987200683114,2.096960063769645,3.1670630805833437,1.0472111791614112,2.0465297220769667,2.0442914441460918,3.1129059240993464,0.24918985877705,1.1349684623680802,3.090902305563871,3.12959539751198,2.1179775729613626,0.2143768438700289,0.0,0.18290021947494003,3.1425979550059635,3.1217180463751686,2.046875892171333,2.0649713195827526,3.0805187155307863,1.1179700239207453,2.058802518982465,3.1093784119018686,1.223976842467347,0.24797475649838682,2.0699039953137635,1.2278892099355507,1.1151254840334353,1.092430897673179,0.07504190261335747,0.1270305930245232,0.24028105973589287,1.0694955987288965,0.2699799354640825,1.0627433935635575,3.064989974045636,3.0969719529585853,0.19384547667872223,2.094914656066895,1.1269915651376765,0.09421388752024032,0.15974537144516773,3.07711995002963,3.108035028101619,3.156664217931755,1.0610937020427311,1.2083307878781142,3.0593557318867868,2.122807988792666,1.1702932257985998
0.7565826402848597,0.36902642363449456,0,1.0299437148050419,2.0556260304356853,3.1165934803039432,1.0192767288835514,2.0157722799808564,2.015413523287537,3.0706585841411247,0.17855575966633275,1.0880947051173318,3.0587975979338036,3.0977738969334423,2.0650378345185603,0.39456887485042547,0.18290021947494003,0.0,3.103068394457624,3.089922609370677,2.02643170020861,2.0316407354112753,3.051578698223092,1.059363994889038,2.031650439010673,3.0677967614528328,1.212832554308129,0.06847818556291849,2.032141909470708,1.1820468364817147,1.0589471560192056,1.072326817319062,0.2080086271407218,0.2241425383049986,0.10450480945450792,1.0736335547232956,0.1100840826616163,1.0891832514439461,3.039893998559065,3.060869183494673,0.16425043463587902,2.0522114649068794,1.113571704295881,0.11277714014964678,0.3373691745489743,3.0520861959955496,3.0716374522410943,3.1136073496468875,1.028111121083825,1.1844754691198183,3.0344243220900182,2.069609424644596,1.1315697564241076
0.038718451311963054,0.7062273531588673,3,2.0948250082985505,1.3126698472816534,0.27938303840764384,2.09544666881496,1.170690564924582,1.2361184843448247,0.336571209358328,3.078902857451257,2.0435233102723536,0.19689316223002667,0.16078453310681184,1.144975553489895,3.2085785965248625,3.1425979550059635,3.103068394457624,0.0,0.1444764184329453,1.3765937072415095,1.2897535431063298,0.2363100685740838,2.0485766650636057,1.3482613940539983,0.3423621975317462,2.093557142719545,3.096106113542092,1.2331778007263638,2.0352628107852015,2.0490698473695983,2.081320625533687,3.158918747829047,3.16721553944158,3.1148884341528973,2.1250234188354695,3.0768663878636073,2.1733013620479227,0.3081881303841517,0.22742287533738295,3.092848947035706,1.2805134299076681,2.0865208777715476,3.1324947049484275,3.1922518245398988,0.26816409533622626,0.1486552254423752,0.06414393059883883,2.082903482055214,2.06836477865622,0.3380465831388936,1.1990734343561436,2.046186056209848
0.0421152867856206,0.5617908723377936,3,2.0714241015220294,1.33165853623476,0.41431448124197123,2.0756417673678893,1.163516723234381,1.2322393031577092,0.4232439483878408,3.0622693919579382,2.0266770943303283,0.19457878796313235,0.03865900379424355,1.1704627175996245,3.180093955334403,3.1217180463751686,3.089922609370677,0.1444764184329453,0.0,1.3714487525934336,1.296426380238532,0.19988143293889687,2.0397080066188504,1.3502782133765379,0.4249147137501479,2.055807599452877,3.0861380215441994,1.2422892884266488,2.014106900261337,2.038872238790225,2.053822876954873,3.1388709302863274,3.1484984743121585,3.1050046432380225,2.0891809156211782,3.0655407150330936,2.130426534992712,0.25365289224767895,0.27714197975804633,3.074378872399377,1.2996060349778413,2.054085144754175,3.1158531899873583,3.1662055268151006,0.17941652140287495,0.20186459046284247,0.20785922626613504,2.064169964607673,2.0369575301463456,0.29551105795020666,1.228322016544008,2.0234594950597367
0.9795661098690173,0.6071520373398821,2,1.1414452952945469,0.24172431438419317,1.3440656289109423,1.1123982869852371,0.34376152759755235,0.2198790326629118,1.2190368137063468,2.0606916589080178,1.2102248185411502,1.254664387715933,1.3970878503607504,0.4703955610972934,2.083077939417954,2.046875892171333,2.02643170020861,1.3765937072415095,1.3714487525934336,0.0,0.16473389988097417,1.243518560202462,1.1396787726667055,0.07650499552821212,1.211444327280335,1.410254362231058,2.01966005927337,0.2511389726090838,1.3410807686018282,1.1445884439730964,1.2156324039049953,2.0392795745977166,2.03265031948328,2.0122988070900365,1.229597586451816,2.0362099914045624,1.2529579730547842,1.2145156115314664,1.2346578541362445,2.0592431544946885,0.26271651563207987,1.2803936965604268,2.0293683361234396,2.0683892725467015,1.2658846315934824,1.2793218296377655,1.3916067918171495,1.1253485561062562,1.3660960814407028,1.18998006541365,0.42031520836604036,1.2830155059815425
0.8532245311533516,0.7128642090971026,2,1.129890241901424,0.11788775732357971,1.245110646298182,1.1002820337003436,0.249337067650081,0.13319698709213762,1.1377936021583372,2.059780350029182,1.1706762388012857,1.1849307102348428,1.3210707473268277,0.3085689885234271,2.1170773155606724,2.0649713195827526,2.0316407354112753,1.2897535431063298,1.296426380238532,0.16473389988097417,0.0,1.1797265387810647,1.0993589994388802,0.09731881455637846,1.1316747911357115,1.3817681233187482,2.021235965643269,0.09463905421944008,1.2910458550408062,1.1054746836498461,1.1964096347644042,2.0610247105061568,2.055762134018941,2.0186458248368155,1.2285139231188713,2.0329980160015633,1.2682433795430594,1.1595248666807836,1.1601160422072765,2.063108423565106,0.1126713088730755,1.260071363829998,2.043671585695525,2.098760812991103,1.2074266330109042,1.20147982591447,1.2993835675099927,1.1071153405347376,1.3308872866895425,1.1373068002420055,0.25601389103217637,1.2428985690662837
0.2407906917659155,0.5837150756214375,3,2.037862933929467,1.2118299710196723,0.3868445853473526,2.037523461479008,1.075366205847889,1.1272449349841853,0.29981289073979056,3.03473177244948,2.0100482888412112,0.05464677183330369,0.2376802191287699,1.08840047813182,3.1329669465556296,3.0805187155307863,3.051578698223092,0.2363100685740838,0.19988143293889687,1.243518560202462,1.1797265387810647,0.0,2.0109951219922317,1.2249581778609528,0.2954684742819717,2.0622140433600764,3.047329967005261,1.1360728383291945,2.018066908788178,2.01103422063856,2.0332683515047774,3.0930917132913236,3.099755934027187,3.0613596562713132,2.063977850445108,3.0333689248747167,2.1005392018569053,0.07305065589164506,0.14451279647820536,3.0443178665027517,1.185083014497771,2.042324686983893,3.073003058008076,3.119569377055878,0.08846578654747235,0.12983736744508184,0.28408499011086413,2.029734489919385,2.040483596505995,0.10300062257499201,1.1329001306102184,2.0175686261861268
0.44021341724775365,0.5178974697857189,1,0.22401638134734453,1.1356242383236088,2.068327846371256,0.19768188920028193,1.0215816534048103,1.0546113775442674,2.0333706168520167,1.0364774544051893,0.1595434997191111,2.0152467246220755,2.0468953666686045,1.0628688744739627,1.2259662794916626,1.1179700239207453,1.059363994889038,2.0485766650636057,2.0397080066188504,1.1396787726667055,1.0993589994388802,2.0109951219922317,0.0,1.1298910409218232,2.0313808335516987,0.5266545979209954,1.0515785610929231,1.0708946857607544,0.36045427539703,0.02016841688588705,0.27421419381472684,1.140465838170644,1.1522490834455226,1.0773641319065,0.3972961104387341,1.0284196397281449,0.5178488726809582,2.0053845519579836,2.0184079905670638,1.0533263030873097,1.1158182069671168,0.3677063356907388,1.1001232660803129,1.197285173538088,2.0131963852237744,2.024317688320598,2.0579333722481783,0.16151879472120506,0.4394150175162597,2.0028683102800917,1.0936746892364126,0.29029272443134285
0.9424741148635666,0.6740639065955484,2,1.1465434207135157,0.16560701541036865,1.3053007383381252,1.11586779303573,0.31755802937975275,0.19100932057454542,1.1869890158558378,2.0653676779356376,1.2039530336590014,1.2329291904072512,1.375957671472076,0.4057807806661696,2.102561027866322,2.058802518982465,2.031650439010673,1.3482613940539983,1.3502782133765379,0.07650499552821212,0.09731881455637846,1.2249581778609528,1.1298910409218232,0.0,1.1800154003880818,1.4142790600137234,2.0226110908700643,0.1905933647424828,1.3330133917394118,1.13573553318426,1.219739525502239,2.0520012261884752,2.0452884626018877,2.0166180434546646,1.2425402866143092,2.0382634420780383,1.2736548547385809,1.199942406038266,1.208850754917794,2.0660111094600726,0.18674679959746524,1.285737137837094,2.0385969126543078,2.0859002337788537,1.2512209272407646,1.2534146414172693,1.3601412899561038,1.1264586976729112,1.366069180503649,1.1756763327831479,0.3482780225308469,1.278668190500512
0.3443892539981529,0.8604260388988787,3,2.0821930571378666,1.1350560247597827,0.2151584326865315,2.072785982594767,1.0762305307873972,1.1097572261470081,0.013873951053824288,3.063362942966363,2.051603008490494,0.25621480301832744,0.46020631667788897,1.0268013705939858,3.172486176577423,3.1093784119018686,3.0677967614528328,0.3423621975317462,0.4249147137501479,1.211444327280335,1.1316747911357115,0.2954684742819717,2.0313808335516987,1.1800154003880818,0.0,2.1527955551054982,3.0574195287964723,1.0908619424564334,2.0781319960974134,2.034350759893998,2.0919655741821326,3.1178649215416594,3.1204113451067705,3.068558532495961,2.135210914289389,3.049685829543493,2.181895379248877,0.33034567451874447,0.15586202153754156,3.0749220090797618,1.1122796640265835,2.1144189353726968,3.0931406369055408,3.1548910585300645,0.3839296226797006,0.22307478420898105,0.33181240523271194,2.0650645016815043,2.118489225424244,0.31280479484678914,1.053154640536023,2.075363089957775
0.12790827643447866,0.0938331296993049,1,0.4446947590802389,1.4507195456018769,2.179942222664858,0.507183584713061,1.2266320081477275,1.2938292396469462,2.154740138199606,1.1215367705460502,0.3692156314528707,2.074112228996096,2.05475125010514,1.3323321103486558,1.2967236699519378,1.223976842467347,1.212832554308129,2.093557142719545,2.055807599452877,1.410254362231058,1.3817681233187482,2.0622140433600764,0.5266545979209954,1.4142790600137234,2.1527955551054982,0.0,1.2295810607985218,1.3427425572118423,0.24565431927146214,0.5073404837911626,0.3031996933920755,1.268583045473827,1.299664352060465,1.2718054654537667,0.32795278953659424,1.1724668381484153,0.4038024260415806,2.054587883543819,2.1020655193335904,1.1346202754888413,1.4229222614374077,0.1963594298269079,1.2435104453379127,1.2841129393894228,2.042607804713944,2.091274844003808,2.113368043174218,0.48155683750979505,0.09831868623832223,2.0615134260531054,1.392268933312613,0.24634741774931987
0.7554163056827368,0.4374946758510174,0,1.0360062360655715,2.041514892368871,3.104096697067483,1.021937555756365,2.00934807213011,2.0081147303067532,3.0600978895682016,0.21574350314566607,1.087625962196194,3.053398697465562,3.0942710013645107,2.050039689858509,0.45593229403845353,0.24797475649838682,0.06847818556291849,3.096106113542092,3.0861380215441994,2.01966005927337,2.021235965643269,3.047329967005261,1.0515785610929231,2.0226110908700643,3.0574195287964723,1.2295810607985218,0.0,2.0211389895648453,1.1851162766265988,1.052385116447348,1.0817624200502183,0.262847837369048,0.26871415578980123,0.07805173826606635,1.091171957458236,0.10622809602499586,1.1135957188294412,3.0367725683464974,3.0534507499528467,0.21720117611389625,2.0381982734526045,1.1270330251730032,0.16743132948229691,0.3978258254295733,3.0496952920476983,3.064754128730155,3.1052803939393385,1.0296353903201863,1.196135789818987,3.0310023054163526,2.0532410616717605,1.1361595050479645
0.7599731715967364,0.7290114851643835,2,1.111813904491538,0.15560088079395165,1.191994603446591,1.0845188547159998,0.18606872298837174,0.1112274136652108,1.0961481014085608,2.0535343170297486,1.1365193484802603,1.1392385431006748,1.2654685724840304,0.21964841630779444,2.1286927335815093,2.0699039953137635,2.032141909470708,1.2331778007263638,1.2422892884266488,0.2511389726090838,0.09463905421944008,1.1360728383291945,1.0708946857607544,0.1905933647424828,1.0908619424564334,1.3427425572118423,2.0211389895648453,0.0,1.2459426149591941,1.0768603150740834,1.1699152365482341,2.069122551948267,2.0656996261072518,2.022130879341353,1.2095469222146316,2.0284582237454565,1.2563695997643858,1.1202588703579506,1.1156798567163393,2.0592107158167683,0.11726538405900636,1.2296906111633044,2.0485605092050356,2.109286033438971,1.1635586453676874,1.152677841065115,1.2414328447678409,1.087655749357522,1.2905329876557734,1.1006970590130278,0.18710938155687676,1.2042256725476412
0.12700970922782373,0.3394858055522265,1,0.3920556530082855,1.3437966967234807,2.0944313237717638,0.43297209339428494,1.1498216098066676,1.2157533039275406,2.0791439509340277,1.104972512724009,0.21193959562918852,2.0239824308877448,2.014588029719769,1.2100823061305257,1.3330088617741362,1.2278892099355507,1.1820468364817147,2.0352628107852015,2.014106900261337,1.3410807686018282,1.2910458550408062,2.018066908788178,0.36045427539703,1.3330133917394118,2.0781319960974134,0.24565431927146214,1.1851162766265988,1.2459426149591941,0.0,0.3453379146791763,0.27698189007541507,1.269038812615202,1.2946655777858174,1.2284565143650086,0.3939599757722442,1.1321709746261737,0.5167023445840965,2.0163739699943575,2.0417190487577916,1.126963842509544,1.3145416220721562,0.24326270605704536,1.2288878806553762,1.310229615092152,2.0082179921816605,2.0334880688698784,2.048117070172799,0.39264052181204395,0.15070095977743622,2.021774425409817,1.2673939722988898,0.10460571355979136
0.43333100104008504,0.4989396907273125,1,0.20902019483149628,1.1436126047871302,2.0715300684020437,0.18748155688575874,1.0244363459538772,1.0586785257123723,2.0363790707016394,1.0335907128962665,0.1413900729058735,2.0157065271135557,2.0458202760837425,1.0698646710855324,1.2213738554351032,1.1151254840334353,1.0589471560192056,2.0490698473695983,2.038872238790225,1.1445884439730964,1.1054746836498461,2.01103422063856,0.02016841688588705,1.13573553318426,2.034350759893998,0.5073404837911626,1.052385116447348,1.0768603150740834,0.3453379146791763,0.0,0.25432045791869834,1.1384094259704554,1.1509610415425495,1.0786906174707191,0.3786784438649771,1.0280114337296178,0.5003151692885321,2.0051363262681514,2.01986759754331,1.0500631755545442,1.1235630443070195,0.34754395476003197,1.0989288625390639,1.1933768412416337,2.012349004690459,2.025282493661051,2.0589577372542047,0.14898307052961662,0.4207582514035182,2.0028982904581443,1.1018257942070535,0.27240946128541943
0.3886473764016193,0.2485754181061074,1,0.1420381873666334,1.255802930821462,2.1359246166389023,0.204098551386814,1.08531319661372,1.128794233722699,2.094712918982012,1.022016779808974,0.1659247007195712,2.043795611539226,2.058359782001871,1.182540188881982,1.1685764851816614,1.092430897673179,1.072326817319062,2.081320625533687,2.053822876954873,1.2156324039049953,1.1964096347644042,2.0332683515047774,0.27421419381472684,1.219739525502239,2.0919655741821326,0.3031996933920755,1.0817624200502183,1.1699152365482341,0.27698189007541507,0.25432045791869834,0.0,1.1230007491788647,1.1438495328771097,1.1110437205723647,0.14379942302553647,1.0466263702415741,0.2763918963496317,2.022456543544279,2.0599248219514283,1.0310097499338224,1.2348430652359503,0.1100121027313553,1.0979292534914016,1.150908855584661,2.0236405364276564,2.060619935415585,2.0982728698012134,0.18172799788886085,0.24812871745223677,2.0228974633991625,1.2240356694804662,0.17379531454255784
0.8986882041320343,0.21712646415904113,0,1.0739195249561984,2.0911706239677192,3.1792179802734255,1.0656191038455736,2.0513310660398947,2.044450145687489,3.1215930261827727,0.3133062146030488,1.1658364858588444,3.103578268917969,3.147621949937575,2.122501790203024,0.19857857183579075,0.07504190261335747,0.2080086271407218,3.158918747829047,3.1388709302863274,2.0392795745977166,2.0610247105061568,3.0930917132913236,1.140465838170644,2.0520012261884752,3.1178649215416594,1.268583045473827,0.262847837369048,2.069122551948267,1.269038812615202,1.1384094259704554,1.1230007491788647,0.0,0.053728287884926444,0.23208195202667747,1.0983403324641279,0.31049846564942957,1.0890811266931313,3.0766410682906042,3.1081048709404473,0.2617133428340992,2.090917479046308,1.1629159753332163,0.0959607282702099,0.13980331723275338,3.0908859972243414,3.1210867588262525,3.1728735364145892,1.0818133438289546,1.2510110466495699,3.069926330386125,2.1236768111942004,1.2075265629627803
0.9439719087713533,0.24604211758732208,0,1.0887827031808972,2.0838034705953588,3.1835127692760254,1.0774389387521934,2.0525713495061475,2.0425616886054287,3.1242177783675764,0.3523567883531454,1.1844305310559948,3.110010520581873,3.1578636584024427,2.1214046560177016,0.22068918483492825,0.1270305930245232,0.2241425383049986,3.16721553944158,3.1484984743121585,2.03265031948328,2.055762134018941,3.099755934027187,1.1522490834455226,2.0452884626018877,3.1204113451067705,1.299664352060465,0.26871415578980123,2.0656996261072518,1.2946655777858174,1.1509610415425495,1.1438495328771097,0.053728287884926444,0.0,0.2231113165737342,1.120273094839717,0.33239775674999816,1.1114230301599626,3.0830230390631455,3.1130584549423665,0.30451632391756805,2.084706955894188,1.1879835838767878,0.11425582114933608,0.16468441766997025,3.098770746075629,3.127371750054672,3.1807527182161315,1.0947542089151476,1.2796514673405923,3.0755586733530555,2.119941109945344,1.2311656490695353
0.8334326356610761,0.4398454423356777,0,1.0569249833936116,2.0377793077507085,3.119757154470542,1.0398959122475415,2.0153043028677184,2.0092443096122428,3.0715003013077147,0.279952458662839,1.1205829777207779,3.0678305800172514,3.114011098258843,2.0578164592959327,0.4306379391049321,0.24028105973589287,0.10450480945450792,3.1148884341528973,3.1050046432380225,2.0122988070900365,2.0186458248368155,3.0613596562713132,1.0773641319065,2.0166180434546646,3.068558532495961,1.2718054654537667,0.07805173826606635,2.022130879341353,1.2284565143650086,1.0786906174707191,1.1110437205723647,0.23208195202667747,0.2231113165737342,0.0,1.1158635692944818,0.18281799169240948,1.1334052658580005,3.0495223119611246,3.066720665384769,0.2687201333857384,2.03639410945464,1.1608470415460435,0.1471307596530764,0.37183428796252344,3.0645430706056023,3.0799689426066665,3.124292254122616,1.050516972601917,1.238084170644597,3.0426617000492335,2.0573299417773088,1.1745551654271147
0.45474491940251804,0.12086720039196996,1,0.19721497597640253,1.2963813487806015,2.189921738456884,0.2612934856951638,1.1194074365023556,1.1576152337320935,2.138747346977334,1.0244022261865877,0.30925524123128273,2.0781006265710538,2.0940036312055446,1.2441845975616392,1.1202557920419327,1.0694955987288965,1.0736335547232956,2.1250234188354695,2.0891809156211782,1.229597586451816,1.2285139231188713,2.063977850445108,0.3972961104387341,1.2425402866143092,2.135210914289389,0.32795278953659424,1.091171957458236,1.2095469222146316,0.3939599757722442,0.3786784438649771,0.14379942302553647,1.0983403324641279,1.120273094839717,1.1158635692944818,0.0,1.0591101534377136,0.13269831907210433,2.0485041717136006,2.0981555014590034,1.0255824248691645,1.2782494690377195,0.15789129249892886,1.085266149881111,1.1093395007717781,2.050284261582081,2.0998255526791993,2.1457779270969466,0.2631291457276087,0.31497907438722716,2.0484099619002807,1.2831121841154838,0.2995552473300308
0.6534798912552701,0.40760528310430044,0,1.014094957443283,2.0561762783933495,3.0911762854944804,1.0055236588120429,2.008378712171316,2.013829632923064,3.0520860867909008,0.1283593634552837,1.051312719364048,3.0393523821267143,3.072393902860808,2.0499612540847627,0.48406535749652396,0.2699799354640825,0.1100840826616163,3.0768663878636073,3.0655407150330936,2.0362099914045624,2.0329980160015633,3.0333689248747167,1.0284196397281449,2.0382634420780383,3.049685829543493,1.1724668381484153,0.10622809602499586,2.0284582237454565,1.1321709746261737,1.0280114337296178,1.0466263702415741,0.31049846564942957,0.33239775674999816,0.18281799169240948,1.0591101534377136,0.0,1.085388149780881,3.0240721816640073,3.0417384516376877,0.1544575047539677,2.050313207452548,1.0836536306172933,0.21877650898400958,0.42960965218208075,3.033916334646615,3.050245109378673,3.086266592764699,1.0096317953834988,1.141622105949512,3.019868026769732,2.0585438352929817,1.089855498254664
0.5221701677176297,0.00657511941429445,1,0.3011946626968981,1.3425208691379398,2.246306162503088,0.35563768578033905,1.1633817678634168,1.1958732857192347,2.1861374449223674,1.0428644775380778,0.44134508380354825,2.117783931988408,2.1356152731954494,1.3099473259809569,1.088074308784026,1.0627433935635575,1.0891832514439461,2.1733013620479227,2.130426534992712,1.2529579730547842,1.2682433795430594,2.1005392018569053,0.5178488726809582,1.2736548547385809,2.181895379248877,0.4038024260415806,1.1135957188294412,1.2563695997643858,0.5167023445840965,0.5003151692885321,0.2763918963496317,1.0890811266931313,1.1114230301599626,1.1334052658580005,0.13269831907210433,1.085388149780881,0.0,2.0808744967387125,2.1409745819775328,1.036767872848142,1.3271978476224524,0.2738165867141558,1.0875691611479872,1.083856162032173,2.083496695343512,2.143777872570021,2.197274130942501,0.36974904231084676,0.41725159915535753,2.080143904128886,1.3458957781022525,0.42760982478646997
0.29423127354918854,0.5339104318132057,3,2.025123978306049,1.19574291813723,0.4492327534769653,2.0249732785900947,1.0583549782148927,1.1063107118378877,0.33724196860469136,3.024595845787519,2.0045541889524476,0.12417215526300043,0.2889410700969324,1.0865568987306664,3.112771311722554,3.064989974045636,3.039893998559065,0.3081881303841517,0.25365289224767895,1.2145156115314664,1.1595248666807836,0.07305065589164506,2.0053845519579836,1.199942406038266,0.33034567451874447,2.054587883543819,3.0367725683464974,1.1202588703579506,2.0163739699943575,2.0051363262681514,2.022456543544279,3.0766410682906042,3.0830230390631455,3.0495223119611246,2.0485041717136006,3.0240721816640073,2.0808744967387125,0.0,0.19439913247279608,3.0327747181376647,1.1707404746102785,2.0319253664032435,3.0587079769262724,3.1004867776352474,0.08992321051661462,0.19923566672708465,0.3570896527636409,2.01863271512083,2.03462099252576,0.04521372718831166,1.1285303626119372,2.0126332919346304
0.2652679094964192,0.7261398422813297,3,2.0588398553907314,1.1784055257993888,0.2596051940317265,2.054370539893082,1.0752359299018817,1.120912879035454,0.15815211236294552,3.0489073094587957,2.0268716972132594,0.10060905453517827,0.3143406310033534,1.0549469495168333,3.156047931536164,3.0969719529585853,3.060869183494673,0.22742287533738295,0.27714197975804633,1.2346578541362445,1.1601160422072765,0.14451279647820536,2.0184079905670638,1.208850754917794,0.15586202153754156,2.1020655193335904,3.0534507499528467,1.1156798567163393,2.0417190487577916,2.01986759754331,2.0599248219514283,3.1081048709404473,3.1130584549423665,3.066720665384769,2.0981555014590034,3.0417384516376877,2.1409745819775328,0.19439913247279608,0.0,3.0599373759499513,1.1525072934606775,2.0748683847100646,3.0850872038188606,3.1403328803516426,0.23212579412244957,0.08159731184331766,0.2436367579621677,2.0460257749699213,2.0739147536822635,0.19242493483316017,1.0929853749168914,2.0414776281894658
0.6395538321276116,0.2537768538332619,0,1.008831592517433,2.0945755672305726,3.120173377029924,1.0088348497023976,2.028076254457977,2.036417225630387,3.0776749528701535,0.05978446389427713,1.0577321269468414,3.052788520299204,3.080402755038706,2.0881728457710813,0.3858494098721177,0.19384547667872223,0.16425043463587902,3.092848947035706,3.074378872399377,2.0592431544946885,2.063108423565106,3.0443178665027517,1.0533263030873097,2.0660111094600726,3.0749220090797618,1.1346202754888413,0.21720117611389625,2.0592107158167683,1.126963842509544,1.0500631755545442,1.0310097499338224,0.2617133428340992,0.30451632391756805,0.2687201333857384,1.0255824248691645,0.1544575047539677,1.036767872848142,3.0327747181376647,3.0599373759499513,0.0,2.08815427666286,1.0569026441028457,0.20396795532205098,0.34051439072531736,3.0405191533236793,3.0668305980929738,3.105251218430326,1.0147938235387577,1.116321465412125,3.0294809995437797,2.100440078275745,1.0827516266317283
0.8299541688799694,0.823106279482403,2,1.167501095061178,0.050612700824807844,1.2148289572294462,1.1346322398570676,0.30305518406393195,0.21692992483422568,1.117442618934403,2.082268200697002,1.1945741087069075,1.1851278734453183,1.324626170041514,0.25421654463678967,2.156572827979237,2.094914656066895,2.0522114649068794,1.2805134299076681,1.2996060349778413,0.26271651563207987,0.1126713088730755,1.185083014497771,1.1158182069671168,0.18674679959746524,1.1122796640265835,1.4229222614374077,2.0381982734526045,0.11726538405900636,1.3145416220721562,1.1235630443070195,1.2348430652359503,2.090917479046308,2.084706955894188,2.03639410945464,1.2782494690377195,2.050313207452548,1.3271978476224524,1.1707404746102785,1.1525072934606775,2.08815427666286,0.0,1.3013632930760528,2.0691223833245944,2.135505745800872,1.2196283140476645,1.1948413265500302,1.2845986688420814,1.1388595349029034,1.3661454090999179,1.1482879945546753,0.17252629691724775,1.271007266151969
0.30654979076260946,0.17534530695215844,1,0.24928904751045516,1.3246447330572209,2.1540779560139063,0.3133133278492647,1.1316679249167965,1.183773046359089,2.1170024635747153,1.0473982988755217,0.22919946163149996,2.0539020059067337,2.05670799106297,1.2368080668403187,1.1988596217021112,1.1269915651376765,1.113571704295881,2.0865208777715476,2.054085144754175,1.2803936965604268,1.260071363829998,2.042324686983893,0.3677063356907388,1.285737137837094,2.1144189353726968,0.1963594298269079,1.1270330251730032,1.2296906111633044,0.24326270605704536,0.34754395476003197,0.1100121027313553,1.1629159753332163,1.1879835838767878,1.1608470415460435,0.15789129249892886,1.0836536306172933,0.2738165867141558,2.0319253664032435,2.0748683847100646,1.0569026441028457,1.3013632930760528,0.0,1.1393435483741368,1.1839327981155843,2.0285242572932227,2.071620642116349,2.1050964592045105,0.29165098557684005,0.1597529150316309,2.034599307601182,1.2851752908645693,0.16240803346177377
0.8397442575328772,0.2928501231400015,0,1.0506588623562931,2.0706499286619353,3.149005576328746,1.0407155027347075,2.0321781683137825,2.027794395365176,3.096482463034666,0.2449280166527931,1.1282801941403962,3.0819415936633954,3.124294318124929,2.09292695584624,0.28946472304563686,0.09421388752024032,0.11277714014964678,3.1324947049484275,3.1158531899873583,2.0293683361234396,2.043671585695525,3.073003058008076,1.1001232660803129,2.0385969126543078,3.0931406369055408,1.2435104453379127,0.16743132948229691,2.0485605092050356,1.2288878806553762,1.0989288625390639,1.0979292534914016,0.0959607282702099,0.11425582114933608,0.1471307596530764,1.085266149881111,0.21877650898400958,1.0875691611479872,3.0587079769262724,3.0850872038188606,0.20396795532205098,2.0691223833245944,1.1393435483741368,0.0,0.23098585213660264,3.0722575738975575,3.0972716329247953,3.1448070550972886,1.0538189190660465,1.220557328786116,3.052443180306208,2.0952305356093333,1.1717991498928817
