X,Y,cluster,0,1,2,3,4,5,6,7,8,9,10,11,12,13,14,15,16,17,18,19,20,21,22,23,24,25,26,27,28,29,30,31,32,33,34,35,36,37,38,39,40,41,42,43,44,45,46,47,48,49,50,51,52,53,54,55,56,57,58,59,60,61,62,63,64,65,66,67,68,69,70,71,72,73,74,75,76,77,78,79,80,81,82,83,84,85,86,87,88,89,90,91,92,93,94,95,96,97,98,99
0.5632445025232548,0.5692045696614948,3,0.0,2.090048277236604,3.0163933720713776,5.013488043195825,0.05779650456305467,0.10861355175112539,0.1747451612327906,1.0756766363969352,5.017220248424579,3.036098280801628,1.0938123562910496,1.0824666456757277,1.1319654712062197,2.0837764942671324,1.1454080074473496,1.0294988759721078,3.0083011967032234,3.043449665245314,1.0833839364933995,0.07112907937473902,4.015060034425946,4.01848377379375,4.014088083780749,0.1234489918280904,3.0584717805698487,1.077470263415831,3.019391002114613,4.014845707712144,1.028450778174867,0.10155436444575398,3.0110518307820118,5.014358310092587,4.012603938728879,3.006810784197933,1.0172117500914597,2.0809244934964073,4.029005928120066,1.0261775465458194,3.0308481712128024,3.0377343292106866,4.023862399112242,2.062247947633456,3.0204275464184462,5.015816329919138,2.0883021309029566,3.049541916368851,4.017318781230524,1.0238424129426333,2.086697693968256,5.0059636061981925,2.100464311147961,1.0287575502369386,2.085114765387727,1.0382879301208254,3.008570321996112,2.0951889540791315,3.043614084548778,2.037294009875455,1.045845964407242,0.19585499790534416,4.005304980400838,3.010432978559788,1.1208477213585903,4.031627376155491,4.03160847745611,5.017594141511421,2.0700233211362837,3.0127208776436993,3.070367734714648,0.09717651142082274,0.12370708377091523,3.0131548103887407,1.08867563542918,1.0422991956782706,3.0226127836348864,3.010305218466663,3.0209725233452804,0.07696366379772496,2.1022481901053,5.005850336806963,1.0201087121445482,5.005260365070054,1.0642815538746342,4.027450425792969,2.0896954347995265,5.008482519461733,3.0367329303588475,3.021139135819596,5.008740303250116,0.11541861096992789,1.0201704461677188,2.096457495104386,2.073766456220921,4.017198084060709,3.0327620932084196,1.0772646875037186,3.0117655288534353,3.008545466417437,3.0162930671823474,0.18325224101205312
0.06251174264391635,0.9120872090052156,5,2.090048277236604,0.0,1.2793620529105165,3.1216510040794674,2.094025672154045,2.094632390831942,2.1459283373029807,1.1831344926321865,3.1438552111176885,5.095281661106643,3.1776998632910343,3.168473863806925,3.208085512059846,0.12242910278787464,1.3482857161236101,1.2126056052019603,1.2264573017050409,1.3787929124811709,3.1683926022404556,2.1029221925759756,2.0418290339004925,2.0675303632578497,2.0222065006072443,2.072738351378555,5.137180641201434,3.162992287729366,1.3059770746034922,2.0344247812945437,1.1598785141898553,2.098266311671292,1.1998205525288919,3.1291756646168407,2.0245150397108396,1.1743186034426414,1.1511515052285324,4.076111239258908,2.012241862289231,1.211820964248813,5.096340684258401,5.114643520830402,2.040094423524974,0.11419137475411163,1.2964443550912168,3.146135892014577,4.081846740341626,5.129633029522794,2.0224943823717396,1.1594504649728876,0.01294127438240331,3.1151676415051903,4.053084068696488,1.139081368565989,4.043322024156531,3.1281571626579567,1.2554468182252057,4.099448272134039,5.111030120386659,0.2189575383499373,1.2404976148328914,2.1535254617175186,2.040394250075305,1.1869959334689602,3.1985522314096784,2.0453980520062798,2.034174551999859,3.162240424761482,4.062844597264598,1.1630860673175305,5.153971933078038,2.1196260092758745,2.119833262271359,1.2588420474282358,3.173139711705671,1.0777636442595249,5.085489568147531,1.2707498729616176,1.2845512742693184,2.0888500715904343,4.087325055681573,3.1104042725676444,1.1310553145072435,3.0937506513802626,1.1915702736197091,2.031728374540474,0.1133169060020572,3.122748820909131,5.110548284475736,1.2251653156597604,3.112629035790709,2.083681151077153,1.1954989246888643,4.060244193482087,4.0896985716193965,2.0599037122206854,5.103007105661991,1.1321531167923529,1.250180161746457,1.1599583868835155,5.079442295012185,2.1355513788017086
0.5198446590475586,0.2581652977641633,6,3.0163933720713776,1.2793620529105165,0.0,2.0861069928638734,3.0217234940630933,3.02815158231152,3.0097442756382913,2.1212731404785536,2.088822151129096,6.002784711518866,4.017291854889816,4.022916400374753,4.0262461670062475,1.2912194642004085,2.16480771958199,2.070010891806981,0.0978829252793498,0.1984413569533278,4.025211852256472,3.020821870365581,1.0797396105858486,1.0570544308844427,1.117839482371911,3.012901866953083,6.014274154056663,4.012596266115265,0.04257301977133497,1.0910460658434267,2.074790368809589,3.026447912892073,0.13794957727404691,2.0850166958409835,1.1115675850188727,0.18337699212779018,2.061473765851615,5.01272484684684,1.1696712842334203,2.0660205727195273,6.00353206565265,6.011164641473305,1.1039835450267772,1.2311792417453369,0.03663647770437965,2.0771346994881705,5.0138687504572585,6.01463566243583,1.1189527088142142,2.069405408103249,1.2713613372308652,2.0357865402596085,5.026939841479848,2.0757364514655277,5.024596013722513,4.012634434090468,0.09498848222081302,5.012696834105224,6.005925762220064,1.1639072343568857,2.084042488699309,3.0182288975295473,1.0870219089117972,0.16118125082328424,4.02099785622166,1.1208294857873626,1.1362904233418,2.067851727489365,5.012485964893071,0.21627413453532354,6.021347092098543,3.0115678249790587,3.0225575856765188,0.035761158453596835,4.025504551149049,2.0848998382605717,6.002286842497113,0.08501361521154567,0.051666900214682114,3.010663059247434,5.017435053777213,2.0428075370930494,2.065248792470267,2.0555222517226652,2.109832382913352,1.1269113710020604,1.25244482593883,2.050048536880586,6.008073043121294,0.15509987790881274,2.063761815880385,3.030406450306311,2.0610314776755403,5.022810938020056,5.007884524890339,1.0618726546528043,6.005662021747804,2.1237057500488215,0.05193477389688214,0.21063925190478122,6.002993092658546,3.027840968030424
0.901928687373046,0.7118768591929211,8,5.013488043195825,3.1216510040794674,2.0861069928638734,0.0,5.009886847254884,5.007734594620689,5.0123254920203415,4.012080346767346,0.08390921247596476,8.027816693578787,6.0161187164470595,6.009310495093854,6.0190841521985,3.103598385868879,4.007975500235843,4.00392063467595,2.0706689051179814,2.1434633658947635,6.008088607278604,5.008778830384083,1.224948217900461,1.251452922692382,1.197447646161338,5.024034680886727,8.025610110827804,6.0161628327564545,2.087668925650209,1.2191976404277864,4.009552883177772,5.007585673224702,2.0878738319014345,0.032535412129114975,1.188230740848085,2.076040627949976,4.010880012846021,7.060130308915123,1.283943945265194,4.004038966466879,8.021491702164623,8.015418318506997,1.2790943400280754,3.092036855148132,2.095250608459294,0.12030574818650898,7.063150021685054,8.01900670105728,1.2247510046997314,4.009522781727014,3.119219570575745,0.22232827371762373,7.072222499574404,4.012688959033301,7.065122210647435,6.008246272829062,2.061750253740094,7.0636073953801555,8.027044969886846,3.072999640557363,4.0023092894058685,5.0069124756885595,1.129975738437191,2.0879121386477664,6.0203122531874325,1.3228570749128237,1.3182515826929628,0.2134176828415011,7.056169623602882,2.0990726683686733,8.025699106243152,5.011985241425412,5.006225663328006,2.0804716886633785,6.008981026512257,4.026651774674637,8.018188167962142,2.0635678705286256,2.101256403598627,5.019144845579083,7.069611141370906,0.17928638906391953,4.014038407719156,0.13809362434222772,4.009114596639382,1.2950217540516356,3.1318055060678276,0.15970466534386912,8.018466648783406,2.116854987760613,0.0841421576062082,5.009297785581603,4.005601881630346,7.069873672213505,7.0536920566069155,1.2431859524022202,8.019214817250846,4.020347271620273,2.077738327236005,2.0846065260468603,8.013454093178511,5.0037265265696895
0.6043488144952402,0.609835487409152,3,0.05779650456305467,2.094025672154045,3.0217234940630933,5.009886847254884,0.0,0.051924096767596226,0.18657265288851382,1.0579534867501377,5.0134920783481824,3.042055976495346,1.094031678917683,1.0771674515541636,1.1302124900844397,2.0843875453335237,1.118366398711198,1.0173287528629205,3.012590271871246,3.0517916743158646,1.0766198319333882,0.029405179896876674,4.019392002182859,4.024090768236938,4.016700238159595,0.17760596059346137,3.061246493464191,1.0796306124971697,3.024717504911047,4.018747094365219,1.0179922386345321,0.04376033444384641,3.0164442589891816,5.010778175917625,4.015098112637299,3.011242055772588,1.0097581369438844,2.097582262334389,4.032927006220515,1.0147734452275723,3.0350053961452415,3.0386838897760833,4.029255316113132,2.0645400551853417,3.0263082975537112,5.012600633037893,2.1055802603626224,3.0506199223752875,4.020716747610075,1.0143466067959999,2.090772246955288,5.004794209956757,2.118161942130171,1.0195112827476405,2.1012154565618824,1.0366816798013085,3.0121779527312964,2.11258731514545,3.048602464535518,2.0403519228272575,1.0304068065056333,0.17967799856321084,4.006697037267215,3.0157571746514753,1.1216642219918387,4.037963630839328,4.037433757644412,5.014973475601027,2.0856661126193483,3.0185552148091457,3.0716802748709187,0.1145772256355064,0.08430980343353561,3.018143369950081,1.0822413388537095,1.037307235810387,3.026264525043246,3.014018169396604,3.0272803718352628,0.13467105551768702,2.1207001508217598,5.0042646488051465,1.01336284309777,5.003133143509751,1.0473108390680916,4.032785641321768,2.096664349709689,5.006505295201595,3.039095422804179,3.028367887601925,5.006101787339876,0.06946369730882711,1.0103916743924077,2.1142223134631433,2.0892130624823304,4.022461335749941,3.0358524757401084,1.0626079985861698,3.016571981916814,3.0134350434095762,3.018642736545054,0.13958278555643744
0.629535077717279,0.655242138574382,3,0.10861355175112539,2.094632390831942,3.02815158231152,5.007734594620689,0.051924096767596226,0.0,0.22172692141804914,1.0426684915156021,5.011471568455682,3.0498692527065687,1.1026354373952802,1.080508256375235,1.1379373694658628,2.0821577372992666,1.0971602251910046,1.0093133125415084,3.0177382126634518,3.0613361202696097,1.0785977739484598,0.06045292034575715,4.0230335730929845,4.029128834267289,4.018558279828038,0.22287381610979054,3.067322347260854,1.0894473791880062,3.031345542698665,4.021910500433531,1.0100739094952933,0.016373265677420753,3.022263456961634,5.008738546761448,4.016913354142685,3.0160481059176436,1.004666988248524,2.1134375847154434,4.035491992914929,1.007536915331267,3.0413621871372643,3.042706448106682,4.033625751850287,2.0643325658285585,3.03331285606565,5.011117142527879,2.122081787047005,3.0550742214073727,4.023214823565089,1.0074291571193674,2.091545461191664,5.004945368425138,2.133400923341481,1.01212797674637,2.1149286318646467,1.041818370102012,3.016992448514611,2.1298562119434346,3.05599213361439,2.0416365956416143,1.0197200797194577,0.1944704270767153,4.007884027885998,3.021405746158753,1.131393038442411,4.043068539255289,4.041936174950346,5.0142362493311134,2.1002490543135375,3.024382838354833,3.0768127632906297,0.15720964845059174,0.08803988179296335,3.024131579340968,1.0846887890715795,1.0318853883881558,3.0319250133057984,3.0190418033021924,3.0345346736071415,0.1854928044155901,2.1381697854408954,5.0039668433719635,1.008289727034158,5.002103682297425,1.0332678687108465,4.036913243538334,2.1000737765477613,5.005973831546974,3.044258095170863,3.0358516540434706,5.004807007199333,0.039017142592570435,1.0043456842467169,2.129950431138757,2.104802534639877,4.027122768209555,3.041466673751672,1.048776090791898,3.0223415286822912,3.01847845739247,3.0230317842426975,0.12624994997875594
0.6802185379074771,0.4393856711135381,3,0.1747451612327906,2.1459283373029807,3.0097442756382913,5.0123254920203415,0.18657265288851382,0.22172692141804914,0.0,1.1198902152580665,5.013182148181136,3.019040443977678,1.0357962041382438,1.032821907771203,1.062564110488381,2.1393832542256086,1.1614000595094343,1.0480703103538962,3.0064861926871282,3.029790445298857,1.0352436907430926,0.16343562910187284,4.027682173468523,4.027332553671189,4.030569567090394,0.24895272976467803,3.029721854386039,1.0253258000943364,3.010280602005967,4.028814146380602,1.0629078771294265,0.2056045459733453,3.01238628990663,5.012061783169245,4.028404425768544,3.010552668043952,1.0494782438523977,2.08265414451662,4.050273568140297,1.0435511731478533,3.0130065248104785,3.0152195695554296,4.038508879031753,2.111191415189825,3.012427342254438,5.010574765577799,2.088407325771363,3.023063715547206,4.034119269189612,1.056576901147858,2.141632728894041,5.002014068818169,2.1199693282325933,1.0690249176036746,2.1070363433159414,1.007018232055183,3.003821218709886,2.08709643450941,3.0217225027993178,2.076646423837531,1.0618084247840558,0.0895957051234995,4.017446757694307,3.013125050980673,1.0537366076652366,4.047037676040883,4.049038557910016,5.009476522434701,2.0769924329791003,3.0184361568735536,3.0379774193391147,0.07759514247496489,0.14808298474391393,3.008336169662163,1.0379341910918365,1.1012312741195787,3.0080523578408935,3.0041055437357413,3.014314829847928,0.18233880436801717,2.1023677831760565,5.003036844010029,1.0589928762306,5.005689270523181,1.1024183278507014,4.04440265088452,2.142493881059997,5.004473843519049,3.014920501315661,3.021096481854743,5.007131892140322,0.25318290533984367,1.0402617357093926,2.1107833787467847,2.066476625488841,4.027068501154591,3.0129664559741474,1.1351165551386528,3.0077292111578564,3.0140887541854924,3.0037908648555396,0.173878734365373
0.6940423617585347,0.9433330851607713,4,1.0756766363969352,1.1831344926321865,2.1212731404785536,4.012080346767346,1.0579534867501377,1.0426684915156021,1.1198902152580665,0.0,4.019350024113797,4.08734353605081,2.118959178480846,2.0916525794818397,2.1393512418256226,1.1360605815801346,0.2720611445991,0.1970502551873119,2.0937230352716596,2.195199805690209,2.0868445257924244,1.060958973273879,3.0653588862739825,3.08482219640251,3.0453858613455047,1.1109504030967274,4.098599175964489,2.1132451783423236,2.129032843621519,3.0599086726528806,0.15618340086229288,1.046563897341932,2.1027451286976655,4.014734227694169,3.0433918001083113,2.084811721826583,0.211339490310806,3.1479466722152174,3.069078518927701,0.21086275013965514,4.075887820835483,4.070127833432949,3.0826267073346636,1.1284901390835844,2.13369437413086,4.022947138416057,3.15662466278306,4.082538425523514,3.055452888703109,0.17669297650335672,1.1800467892355353,4.024431096533777,3.1538509537654784,0.16577150119513717,3.135168500238061,2.071038528446923,2.0924106534868385,3.167298712442855,4.092241436185168,1.1097645040224178,0.1861746364212546,1.0952020162355462,3.029831433378195,2.099317766763298,2.140170285961259,3.0992115459832434,3.092539968746979,4.033184065507192,3.132888211684096,2.10271128453965,4.103715967990871,1.0965719185999472,1.061499170289212,2.1110720040240905,2.0919325194405918,0.2555432294978063,4.06499705937407,2.097911936778068,2.136232158696146,1.1043672245204603,3.171045047008151,4.01976216235173,0.21169673322182367,4.010934138461318,0.04404321904675184,3.083861646474939,1.2194302641277237,4.0215843760084935,4.075202138162204,2.1350081667205956,4.013960780364868,1.0387208650343138,0.2175545060728593,3.154807227779574,3.144074549678968,3.0791029413418145,4.0739873485939375,0.1068674732596812,2.1063829208305314,2.088720752147077,4.052888551077818,1.058048722721002
0.9683832357997296,0.6606465075277006,8,5.017220248424579,3.1438552111176885,2.088822151129096,0.08390921247596476,5.0134920783481824,5.011471568455682,5.013182148181136,4.019350024113797,0.0,8.026712489655077,6.013066902652432,6.006731154739462,6.0147989479733575,3.1251995301112196,4.010919371578164,4.00815091409385,2.0763504287036834,2.14247856284515,6.005559748539659,5.011896097401254,1.2569657932883278,1.2782185219750137,1.23472105946376,5.028863108609627,8.022062768791855,6.013752447713118,2.0886883543813672,1.2530632827640171,4.015877395352809,5.011084118650513,2.096080099989717,0.05231079460458038,1.224606458623506,2.085582035622769,4.017088192405175,7.0632191151999955,1.3268895567736017,4.008166407591609,8.020072678943782,8.012835812645394,1.313655950050386,3.111668691076017,2.097233425546265,0.05510673126425195,7.066062380647834,8.015710199317478,1.2623792122616586,4.015679032856519,3.1411213695024376,0.2226266047129113,7.07792754443381,4.0198239513454554,7.0710216475164485,6.0074708118235876,2.065164085222078,7.065377689295723,8.024970687920778,3.0896148844684297,4.0060147115038305,5.007509954496582,1.161110685134726,2.097021243011343,6.016405687128541,1.3581695493155463,1.3561609792752818,0.1480766000006561,7.059907228648129,2.110386909070047,8.021329196276362,5.014114722082032,5.008525709861981,2.0843262144389127,6.006231906966277,4.036509227846418,8.017312486576717,2.066012956470349,2.1043095392602056,5.022951170727859,7.0726237560732965,0.1913194501612842,4.021125640351424,0.19384100712978541,4.015597421684233,1.332483195015755,3.1534561127220244,0.1524237727792693,8.0161520971351,2.1247093260476544,0.12051739909729232,5.013686628752091,4.010162030892155,7.074841045779335,7.055423734518834,1.2713779527111129,8.017338217522314,4.0296389309821725,2.0820680087176395,2.095517788137828,8.01282191880984,5.005399250425151
0.6212314084698839,0.1060304237667361,0,3.036098280801628,5.095281661106643,6.002784711518866,8.027816693578787,3.042055976495346,3.0498692527065687,3.019040443977678,4.08734353605081,8.026712489655077,0.0,2.0250400227055976,2.042191719584567,2.0359991109939934,5.098718118931256,4.103881241555276,4.052833417296887,6.006321543698809,6.001677840011609,2.0478237473596077,3.0395650113461854,7.0245019751234254,7.01849370901334,7.033182231167256,3.0343936822501285,0.2704357772617046,2.0187758250139476,6.001662221227201,7.0271550630087996,4.059319983336241,3.0472129288542584,6.008474704123749,8.026799398562442,7.031814598469862,6.011150573182147,4.051490828485546,1.0919008016690408,7.044123623656453,4.050370978434631,0.09669674568402944,0.28414157356499403,7.029199362069903,5.080440152871685,6.002065459222627,8.022759509889449,1.0933671337695885,0.3112993027220686,7.0333482863922745,4.055952330607138,5.092815095381076,8.012400834901817,1.1873801512027917,4.061235410532519,1.1830022179065078,2.031357310807267,6.004922311887813,1.0714985812050655,0.10035695573776798,5.0601191410804445,4.05979673746077,3.0283185520032605,7.026097692573594,6.009768520066673,2.026558467733936,7.0320818538635885,7.035892243072103,8.01834165021896,1.1019413105696052,6.012940610713515,0.3726941211583437,3.0255135996529474,3.039051315473296,6.003917896988196,2.046841731537698,4.070731686423994,0.1281560432014573,6.004000281807715,6.002769103464718,3.029187748844112,1.1085053659850972,8.015036086570833,4.055129524505919,8.020521667536089,4.079486675778406,7.034221171070006,5.086684871128817,8.01622907174893,0.20984513687979112,6.007753989372251,8.0214767640824,3.0543211667766337,4.048325038902499,1.1600190123002516,1.0524940198454171,7.01991280450278,0.16036697181454748,4.092129903278697,6.00448258462867,6.012867217372627,0.20355128250451376,3.043067081141725
0.8919271140600082,0.2718946107829575,2,1.0938123562910496,3.1776998632910343,4.017291854889816,6.0161187164470595,1.094031678917683,1.1026354373952802,1.0357962041382438,2.118959178480846,6.013066902652432,2.0250400227055976,0.0,0.11391753135949853,0.0925063595580415,3.1710932660118294,2.115182541607309,2.062667216463316,4.019801677745373,4.025974307533705,0.1419412110354987,1.0830834165774974,5.051898790203021,5.047808534789116,5.057848107941728,1.123778288728407,2.0100299132707042,0.05504148451788617,4.0148541076670705,5.054179765542801,2.0832790110207706,1.0959774444404877,4.028478327602348,6.014461521342376,5.055208565462351,4.029299403797758,2.0756570859678924,1.2326200860894918,5.080315250655731,2.0597071591029192,2.012166439828953,2.000818323430265,5.063713191853874,3.145548745940052,4.01806565252143,6.0096894564138585,1.2390337387926191,2.0034084127512437,5.061573315590064,2.0789794965130883,3.1737778909642267,6.005557212261947,1.3399384490038364,2.091427599522794,1.3227980047180612,0.17236385629509202,4.01403862904075,1.215601630777073,2.0167211645770053,3.112414759816573,2.0664969013754795,1.0359149100072471,5.04128281027029,4.030547722071794,0.06464980078252273,5.072081779429293,5.07583342799736,6.0054766150404015,1.2351169231000498,4.038291344970661,2.012042050120323,1.05832595277262,1.0686868320819671,4.01814463591136,0.13094424197001525,2.124829453374828,2.0117836443549257,4.012644273081087,4.021276168179783,1.0959685223402815,1.2641508889705506,6.007590175404111,2.0859616815324835,6.013590145815536,2.104884411255132,5.071220618023048,3.1737212946956648,6.007000890995414,2.0036851894286603,4.034506006706513,6.0118529325588055,1.118842020278806,2.0607184910236467,1.3125700841054313,1.1792793547217704,5.0486299005038076,2.006323057746619,2.139351969893591,4.018483290778617,4.034279821419279,2.0086622150906708,1.0632362898523322
0.9313138230256612,0.3787865707607654,2,1.0824666456757277,3.168473863806925,4.022916400374753,6.009310495093854,1.0771674515541636,1.080508256375235,1.032821907771203,2.0916525794818397,6.006731154739462,2.042191719584567,0.11391753135949853,0.0,0.14742124055895386,3.158035621877256,2.0820232200180455,2.0441004334119253,4.023040061586347,4.037097238971595,0.02836972770171801,1.0666211088601882,5.052947532274565,5.0514682010370295,5.055657943109997,1.120864390282097,2.0239231090094445,0.13948762473021478,4.020996048671208,5.054333018122457,2.0641358382601407,1.0749805429540324,4.032505102516356,6.007943197197177,5.053003891891257,4.031564900994992,2.05947512292136,1.2715459047863278,5.078893235671841,2.041990621112385,2.025002141324769,2.007240117175678,5.065793260141395,3.1356607211024934,4.024703389690984,6.004376598871042,1.280446739670809,2.011859411689142,5.060404580754893,2.0609305654090786,3.164838674862451,6.002928502509822,1.3714736855031957,2.0725687207141177,1.349064769613057,0.1397427849974661,4.016997627455971,1.2620704586386091,2.0334514361401665,3.105157646598984,2.045250777136933,1.0241291346498573,5.038349626621888,4.034201303387489,0.16035793867315618,5.075308512049798,5.077902605647423,6.0016919929860695,1.2684453274439207,4.041983167459949,2.0236357068867323,1.051363770160539,1.0506556757391898,4.022932741486279,0.02373330061538963,2.107065995619765,2.0219018299752762,4.0160461344410265,4.02819264998347,1.0921710109207265,1.3084081162662495,6.004094476975572,2.0694998355290943,6.008563246445912,2.0791864284221084,5.072712480614504,3.168518686682427,6.003209690670467,2.0135286490282116,4.041237485654548,6.006548561465594,1.0958294374039594,2.0441029557008754,1.3471073034533254,1.2203570483938728,5.051583712389724,2.017212735983939,2.1129491225698165,4.022867165319128,4.036770463175324,2.0145108745033253,1.0414947804972845
0.978423469487627,0.2390951129755109,2,1.1319654712062197,3.208085512059846,4.0262461670062475,6.0190841521985,1.1302124900844397,1.1379373694658628,1.062564110488381,2.1393512418256226,6.0147989479733575,2.0359991109939934,0.0925063595580415,0.14742124055895386,0.0,3.1997874843493377,2.124777514636374,2.0791093815284056,4.029915681699698,4.03404225289988,0.16745043380458363,1.1172229498167412,5.065951756420984,5.061173980205294,5.072362136618025,1.1683773464146343,2.0089932399659456,0.1461184530518844,4.022924424351497,5.068491560113849,2.1040097649721208,1.1305627981628739,4.040307160058899,6.016984856959087,5.069397960887602,4.041460220668142,2.0969449904765205,1.2812408284490064,5.097385327575631,2.076156594916675,2.0206614610929834,2.002391644659685,5.07914188905465,3.1729502082277654,4.026834860216351,6.0112531209514115,1.2869596428992545,2.0021789387298337,5.07666113770254,2.0996555477133154,3.2039114546520064,6.008897071810175,1.3991318949090918,2.1139209508789008,1.3824721576435566,0.2533710954992304,4.022737117995086,1.2580818587692348,2.0231632307380436,3.1372035645542855,2.0810796936912577,1.05915267683421,5.053455184255952,4.0428200994428956,0.05419344555140845,5.08834319400423,5.092559817031914,6.006247507082804,1.2864016867062273,4.0519067885846285,2.006642738942942,1.0903482429605753,1.0986515082401178,4.027567741646973,0.1505253043066327,2.153121874452479,2.022100677108762,4.020881326270309,4.030757311488827,1.1362307032190695,1.3126951619004708,6.011130693212132,2.1090058213878904,6.018097021051904,2.124114700654758,5.087484083857596,3.204580764893216,6.009821954124823,2.0073377861122457,4.046839646896151,6.015231092868386,1.1566383745106372,2.0783934483077626,1.3691067164860933,1.2210748609087878,5.062182584003458,2.0122489873276104,2.1640911538925005,4.028086734198201,4.0473243318365375,2.019057471467205,1.089166382892615
0.15696035938581931,0.989986785416035,5,2.0837764942671324,0.12242910278787464,1.2912194642004085,3.103598385868879,2.0843875453335237,2.0821577372992666,2.1393832542256086,1.1360605815801346,3.1251995301112196,5.098718118931256,3.1710932660118294,3.158035621877256,3.1997874843493377,0.0,1.2865975845965516,1.1768146351080768,1.2341154167324306,1.4029917588220728,3.15692204660837,2.092744976536694,2.0528073160733267,2.0831521138015243,2.026557441202034,2.0732948499114308,5.136184843934199,3.1578961298727592,1.3172477108080831,2.043815814342562,1.126648908928568,2.086088483353696,1.2139834561370886,3.1111213275821292,2.0282763117762137,1.1839597505293895,1.1234615102790495,4.089916534196759,2.022803233362968,1.177407605816188,5.097464168269947,5.1115594202982395,2.055785209419531,0.10377002436588172,1.310680387965337,3.1291155770349057,4.096319769100223,5.126573912033363,2.0301945111824398,1.1280227756863042,0.1252275589136386,3.1051250246525153,4.068865452023098,1.107938466576642,4.057321552556479,3.1207531144600367,1.259041670746593,4.113788964078113,5.1130684921430145,0.22221348457361725,1.1991103910349425,2.1418948705517935,2.0390672774500196,1.201155673972533,3.192216268815291,2.0651003812217024,2.052106326266216,3.1470239138069487,4.075667624350993,1.1808091657398252,5.15100618193908,2.113108430520988,2.1075034766280827,1.2694166864485243,3.1618425852318452,1.0546853975358712,5.086087980233541,1.2746237748552882,1.301225457592044,2.08703411565889,4.103188810968079,3.099037951560286,1.1045996049129923,3.0807925289652895,1.146276473543499,2.047550960360671,0.23139874526793264,3.109968416876619,5.109268089207167,1.2483908347539534,3.0977874003558,2.071653652548494,1.163864963910054,4.075864460700757,4.101802574377078,2.0742882533379654,5.102714605796636,1.0900511784996123,1.26001036366159,1.1725222408799625,5.078469855153423,2.120217985305522
0.9657897429142002,0.9563955212126689,4,1.1454080074473496,1.3482857161236101,2.16480771958199,4.007975500235843,1.118366398711198,1.0971602251910046,1.1614000595094343,0.2720611445991,4.010919371578164,4.103881241555276,2.115182541607309,2.0820232200180455,2.124777514636374,1.2865975845965516,0.0,0.3146812523666031,2.1394904335362797,2.242526609127757,2.075168831773537,1.1152461283410593,3.1208967658311755,3.1409661193415195,3.0983629907788552,1.2055096022152505,4.097452556412739,2.1164923222715664,2.1688553876777017,3.1153277319231862,0.36365057981647503,1.0994694389870285,2.1585599772315818,4.00924908502181,3.094909228216056,2.139642671406308,0.41216218086036094,3.2065393814327194,3.1343851969742356,0.3284664940715894,4.086989508301843,4.06890593057742,3.1456120014590834,1.2773304987393441,2.177848787644608,4.015300357299202,3.2155856405329786,4.078553074912527,3.1124224344370184,0.37738382488159733,1.3443798246647822,4.027788788105487,3.2273450835171738,0.39653348368452407,3.206518539165019,2.0787857999842543,2.1303972689714534,3.2209497945336385,4.102433332136784,1.2476086673139086,0.252279855783073,1.1209919564400515,3.0713008590813176,2.1568421581540353,2.132125267735301,3.16735980786166,3.161143816722098,4.0245256607173205,3.1926687918686185,2.167154117087053,4.095704328165242,1.1503252760945049,1.1021251711765492,2.155708214024576,2.079367773261624,0.519475246428008,4.077285698566412,2.1342241611173653,2.1844298711405976,1.1847068408905483,3.232834781488715,4.022705583560923,0.4357118782634244,4.015631053626084,0.26103734981462423,3.1496755780204677,1.3917611444783842,4.021194800126397,4.078369730008066,2.197368080128247,4.0136774746745685,1.1007798107768298,0.359014642685168,3.2248027613135903,3.1936296827483175,3.1350942625856715,4.080696345379594,0.37571649691927833,2.151315002183948,2.1484491875205407,4.0632710822116405,1.0841812138596425
0.7287970449207228,0.7493719677488512,4,1.0294988759721078,1.2126056052019603,2.070010891806981,4.00392063467595,1.0173287528629205,1.0093133125415084,1.0480703103538962,0.1970502551873119,4.00815091409385,4.052833417296887,2.062667216463316,2.0441004334119253,2.0791093815284056,1.1768146351080768,0.3146812523666031,0.0,2.051193958280659,2.1285041391884896,2.041267073879131,1.016726756885687,3.050991908045034,3.062925291534535,3.0397888540017597,1.0624092916348178,4.060234560125366,2.0581093586993164,2.0746279532556082,3.0481946413205874,0.10191967728539239,1.01022645016582,2.061760597193668,4.005213704806791,3.037226711724106,2.049326808589466,0.11965015737831868,3.1098658399298302,3.0663539472849926,0.015721523721866824,4.043207145244058,4.038462213295172,3.0683199726466084,1.1518923870581117,2.079445110054606,4.009204285934075,3.1168152825336546,4.047975294537691,3.048411508366247,0.0991954198478899,1.2076080425232847,4.007589024947987,3.125578517325429,0.14345474704107541,3.1102622869452548,2.0288208801171788,2.0476547699602023,3.1223074179569412,4.055684391018502,1.1136014654333533,0.06411288573307182,1.0308243721066008,3.0217209848578,2.06029496225562,2.078864577907614,3.0836989790469507,3.0806713053010824,4.014801214228929,3.099218427839758,2.0665098127094432,4.064765551957803,1.035880966779513,1.0139573783457367,2.062966046340284,2.0448405292413034,0.28620526084364944,4.0352354653271325,2.0510123099571764,2.0827330342921906,1.050448462780653,3.129857563058799,4.005158167802797,0.15853322905761025,4.001292944962344,0.1541670636255197,3.0725255610279745,1.233980241716167,4.006479858440742,4.04215587883,2.0879738275431663,4.003111843230827,1.010883594087094,0.04486708896134913,3.123220947650014,3.1018829597736173,3.059231718311052,4.041368472643099,0.2595870991425628,2.059720087785518,2.0545465319430503,4.02625730901664,1.0110163862484578
0.5020614830056177,0.35441926241551736,6,3.0083011967032234,1.2264573017050409,0.0978829252793498,2.0706689051179814,3.012590271871246,3.0177382126634518,3.0064861926871282,2.0937230352716596,2.0763504287036834,6.006321543698809,4.019801677745373,4.023040061586347,4.029915681699698,1.2341154167324306,2.1394904335362797,2.051193958280659,0.0,0.29224532832197514,4.0248124279322965,3.012315905285338,1.054552069897881,1.0424957903158667,1.0812631897678762,3.005463666262639,6.0191511966885285,4.014767915091366,0.13526349672500207,1.0623201522247634,2.052995757060839,3.0165475755139077,0.08113827775180614,2.070887973549685,1.075577779307132,0.09637892701538109,2.0415163129531977,5.014804832041675,1.1308985949931605,2.04781843507121,6.006431968079954,6.01372336814918,1.0793468492541272,1.1797911260741192,0.13311237762547573,2.067050400756993,5.01651358200854,6.018196847387893,1.0844342636925084,2.0484456452016073,1.2190890199804738,2.028501461438024,5.025995217671419,2.053082754267311,5.0225678911376495,4.011282222033511,0.06309321447039595,5.016993169980627,6.010169016250424,1.1194217823652706,2.0643731451009524,3.013441341148965,1.052986255587498,0.09679359022248445,4.024944322850866,1.0983298771442407,1.1090451655248137,2.0622512369351504,5.013155659527953,0.1563714911081221,6.026439861643484,3.0061341137207376,3.014623775758547,0.06224080541876635,4.025516729875409,2.0594797903435813,6.0041829970802265,0.08252392721614915,0.13265406018437464,3.0041138771189546,5.020557445128488,2.03334353227764,2.0440240678324337,2.041258861190885,2.084160141769212,1.0986648988690624,1.205534620846085,2.041125203506328,6.011101481147286,0.15942871887995033,2.0507526662561597,3.0190595045168176,2.042909966401637,5.022896046774014,5.01122733292725,1.044382851136582,6.00854097664934,2.0941316767035887,0.04600818467739309,0.1321131029714686,6.003820257335617,3.019819767565375
0.48613361094650287,0.06260830508579762,6,3.043449665245314,1.3787929124811709,0.1984413569533278,2.1434633658947635,3.0517916743158646,3.0613361202696097,3.029790445298857,2.195199805690209,2.14247856284515,6.001677840011609,4.025974307533705,4.037097238971595,4.03404225289988,1.4029917588220728,2.242526609127757,2.1285041391884896,0.29224532832197514,0.0,4.040690254582382,3.0502135818248997,1.1365391389493757,1.0933491478794413,1.1972199461117068,3.035988592209911,6.013545467270059,4.021027470624964,0.17702895701533694,1.1544627284980489,2.13611674364316,3.058756790714102,0.2989060387915945,2.1405183109478845,1.190913027667936,0.35954603380311667,2.118338270359027,5.009686154541858,1.244634230423897,2.1231756201403096,6.004648531595971,6.0150837682110945,1.1542608286332694,1.3334397397442876,0.1618223858192732,2.1259480268792634,5.009614332450198,6.017025516157945,1.1918408723831102,2.1289732391315908,1.3699318623122188,2.074299332533442,5.027491029769492,2.1373976552816436,5.027727146816103,4.027500531239649,0.2903025348573303,5.005977341979735,6.004505625653536,1.2573001592500832,2.1458922170324723,3.042837943340591,1.1699029504884655,0.32066986510496664,4.027382771073701,1.1632848236581597,1.1874692581172108,2.108559802544658,5.012117642289269,0.3567992242047584,6.021367466539849,3.034818325031084,3.0520757452567477,0.2315734945326849,4.040283312286904,2.147356860175663,6.005209291887066,0.2737854527023858,0.16079409280841703,3.033473307137952,5.011716897470215,2.0856943120513254,2.1233318103213397,2.1067305181159983,2.1807342843789024,1.1819534141572288,1.3380238796142974,2.0934306961763465,6.010300804512338,0.24199232106900423,2.11486091592631,3.0647469117404054,2.1169894246865346,5.021873615389792,5.00380463346903,1.1038812554089708,6.007579333695438,2.1982352332515824,0.24732341140623043,0.37376108274580644,6.008383475533279,3.058837240219927
0.945599590112687,0.4032969422105186,2,1.0833839364933995,3.1683926022404556,4.025211852256472,6.008088607278604,1.0766198319333882,1.0785977739484598,1.0352436907430926,2.0868445257924244,6.005559748539659,2.0478237473596077,0.1419412110354987,0.02836972770171801,0.16745043380458363,3.15692204660837,2.075168831773537,2.041267073879131,4.0248124279322965,4.040690254582382,0.0,1.0660754550124498,5.054303768256788,5.0534283248614855,5.056243529764742,1.1241463501445348,2.0281361853341098,0.16731650964090772,4.023371371842167,5.055483220265863,2.0613844425549974,1.0733199964987445,4.034561256131156,6.006769071540988,5.053568741780071,4.033207029606428,2.057488841201178,1.2848405771807048,5.07980252146326,2.0393691761088215,2.0294618904982227,2.0097755014937593,5.067475141032912,3.1352615473511594,4.027237029971101,6.003447871253379,1.2942773596069586,2.0147401093313793,5.061271324938455,2.05844850240867,3.1648149667534713,6.002754439254465,1.3835145920236236,2.0699801985575976,1.3599068363104636,0.14963696131599977,4.018626603563768,1.2768054566872857,2.038745612226887,3.105270184646963,2.0416513969306225,1.0242056033506235,5.0386287245172445,4.036189466137524,0.18564675188414964,5.077315466161257,5.079650317794196,6.001096831893161,1.2805738911218643,4.044051577598107,2.027058172334468,1.0530674053603322,1.0495129220585477,4.025048193397719,0.01758907389913645,2.1050504884317145,2.0257979570543654,4.017759208420047,4.030832139109137,1.0950399662471246,1.3229112169423936,6.003717991529261,2.0675356470103625,6.007861731310281,2.074720095450242,5.074294187396281,3.1694513819507004,6.002722223008932,2.0170073341537282,4.043982347006204,6.0057186657888835,1.0938155048036222,2.0418196960293384,1.3597317498831119,1.2338392278286354,5.053380705585996,2.0210655482988282,2.1085952960774024,4.024893156772987,4.03851444263699,2.0173725632870623,1.0392165410612093
0.6296129372253876,0.5947892683676874,3,0.07112907937473902,2.1029221925759756,3.020821870365581,5.008778830384083,0.029405179896876674,0.06045292034575715,0.16343562910187284,1.060958973273879,5.011896097401254,3.0395650113461854,1.0830834165774974,1.0666211088601882,1.1172229498167412,2.092744976536694,1.1152461283410593,1.016726756885687,3.012315905285338,3.0502135818248997,1.0660754550124498,0.0,4.0216344819155,4.025909161772319,4.019315346856082,0.19456948255444345,3.0563844309314243,1.069889293749625,3.0234162464281753,4.021144859694787,1.0203287034898874,0.04580168193657818,3.0168492752794487,5.0094883976862885,4.017584023513296,3.0118937489668243,1.012148894907423,2.0994635944039564,4.036522637563949,1.0140803577148523,3.0321133634191493,3.034548661156163,4.031988459933804,2.072026056688243,3.025271224507566,5.010885697033608,2.107294997386663,3.045864850683422,4.02350214893651,1.0165256060762502,2.099524426901577,5.003598086414153,2.1230909924093244,1.0230153019431931,2.106295426544642,1.0295707195770027,3.0113235057810543,2.113000586996549,3.045183461125537,2.046349809124417,1.0288983741941689,0.15053391449582273,4.008418726183772,3.0163728706980053,1.1094360596485633,4.04096373601962,4.0406872531699785,5.01287980530401,2.088239592755116,3.01974061039784,3.0660091009698927,0.09675694186274025,0.05648688733042231,3.017486978826877,1.0713473160800113,1.0446415922299446,3.023826086699495,3.0129441141879827,3.0265258788662344,0.14376378826222894,2.1225988332387726,5.003190897102253,1.0169839100808933,5.002506493116131,1.0493672570697576,4.035887203586061,2.105484866339734,5.005177798753872,3.0352887234354875,3.028827216506799,5.0050659276207,0.08978791727104087,1.0103894385512746,2.118317262982756,2.089452927563294,4.024394644381573,3.032482290437193,1.0684178816325385,3.0160150176337734,3.014449620078431,3.016339708862447,0.11424006644403534
0.21787877795109323,0.5313945665508639,7,4.015060034425946,2.0418290339004925,1.0797396105858486,1.224948217900461,4.019392002182859,4.0230335730929845,4.027682173468523,3.0653588862739825,1.2569657932883278,7.0245019751234254,5.051898790203021,5.052947532274565,5.065951756420984,2.0528073160733267,3.1208967658311755,3.050991908045034,1.054552069897881,1.1365391389493757,5.054303768256788,4.0216344819155,0.0,0.12152721911167642,0.1458631651794527,4.00657126031297,7.047171075392717,5.0446598750544664,1.0964791100032845,0.04216088555211118,3.0410298516711616,4.023253925389637,1.0356565361375325,1.2338105823157361,0.14447849746680913,1.028418615623985,3.033280362264526,6.013009864871144,0.20201587496688986,3.0490962723282404,7.026455525229263,7.0386789579684494,0.0903268194795623,2.0319516201851786,1.0880476915290607,1.2472561365956982,6.015102437892723,7.045655259417914,0.1139152096024303,3.0386348505178176,2.039286301877105,1.1577998781211212,6.010025035605797,3.0366287830267065,6.006641109598288,5.034699858057656,1.074963984023679,6.020716809846634,7.032369589916871,2.0159949071339733,3.063245733903049,4.034887835296606,0.20571065227007398,1.0299443085077837,5.059905921954512,0.1586889032774585,0.15796429622547475,1.2570112394847512,6.008880748150318,1.0182505035823939,7.057428244743602,4.021252369643115,4.0276427704293285,1.069053430951948,5.055854262902054,3.0258248701021637,7.0222312676184035,1.0833427127675344,1.079114043962163,4.010895698848324,6.017737649094707,1.160021220397661,3.030245691234401,1.1515430616496767,3.0627176643079435,0.12625016685336582,2.030466533504838,1.185751801380712,7.034892618698695,1.0434923957753968,1.187940539416982,4.020793553288041,3.0432347112028757,6.010836792746816,6.016532675727246,0.08866952737106916,7.03056817405496,3.054522538025438,1.0649415409138767,1.020331573508421,7.0211584419048485,4.03501403961345
