X,Y,cluster,0,1,2,3,4,5,6,7,8,9,10,11,12,13,14,15,16,17,18,19,20,21,22,23,24,25,26,27,28,29,30,31,32,33,34,35,36,37,38,39,40,41,42,43,44,45,46,47,48,49,50,51,52,53,54,55,56,57,58,59,60,61,62,63,64,65,66,67,68,69,70,71,72,73,74,75,76,77,78,79,80,81,82,83,84,85,86,87,88,89,90,91,92,93,94,95,96,97,98,99
0.7540617711338969,0.5657214365225999,0,0.0,7.021681292261927,4.051642413002963,2.0121547018599824,8.003389271508011,5.041316611533371,1.0783857259834124,7.009674732797822,8.009707047720731,2.0038524054084963,2.023882095067464,8.01329020503307,1.1205949911645876,7.013688603813302,8.006814926133634,4.099831309313009,7.026444431966069,5.037050216034353,1.0689851295459678,8.012655857568618,5.038157000599401,3.0872950746950663,0.08724843307472507,4.0600578805796745,3.0915014185273426,2.017951651868689,1.062069150504351,5.064118241327091,6.0226637201362285,8.010490023690023,1.0705931016659018,8.004939400550692,4.085380068416793,6.006495811122136,0.12388146594190773,3.0901832919732946,8.003606194197538,0.06396297783579091,4.069002882959756,7.0246654985054215,4.0407768593482345,6.02018122953587,3.086129903508824,0.13907198314636124,3.0866926089427573,7.0076429715125235,7.024229587393469,4.0394192780158376,8.010749378093204,1.0945668419732153,6.005666750806556,3.0791801925464393,5.042011124941637,0.196484181083382,2.0122528227415506,3.095015728901438,6.019197913166007,2.0103814535919824,1.0989465433157757,5.039444705160153,7.019427122117273,7.0099436327920985,8.006423291573418,7.016073279893831,6.020079499179406,0.2223251131073161,8.005632178945733,6.008283889882199,7.022923440921646,5.057558011022359,1.0944300066173995,6.009796037848301,8.003388549480425,2.0156317010863996,6.01774663540144,6.0072551123137545,8.007228430196745,5.066748195136629,1.041530608317836,8.007438542018326,5.037315801635535,0.13913259556394658,4.059655329225994,3.070008607368607,4.075046305296496,4.043032641812104,6.009587787679309,7.016695424722365,6.003891241565015,5.052462229331354,8.004085958925042,5.036923710600165,7.014397640789278,3.092253622512002,1.049735413773315,5.045212937788869,1.1002975948750489,3.086516717855795,3.0947408816917985,0.19207142374875968
0.7265836644285327,0.015037204177959063,7,7.021681292261927,0.0,3.0431975889463803,5.032639219124817,1.2706405843163184,2.2278703370124497,6.066666834167299,0.18344338279875214,1.3722610558995996,5.018401872648778,5.010703814669979,1.4013549826633134,6.0827694459193955,0.18858553519909668,1.3191541254653993,3.0748957907219796,0.2655968450059102,2.212676925028174,6.068478874403229,1.4102169925719115,2.2082155200587437,4.086208616425028,7.027679349305596,3.0357176619410287,4.102322920700548,5.010742467279407,6.066419698469476,2.306098917117455,1.1582491860680375,1.3814460986187895,6.052207449468377,1.2979899817000184,3.0849485042807117,1.1884350509347752,7.021975289158885,4.103466067997525,1.2751401944085814,7.019749591227062,3.054988815263069,0.22628735911879827,3.053833475886859,1.202339206515099,4.093230740575789,7.018823722195195,4.081509886211491,0.23390809695019793,0.25095412903460274,3.0489150055797634,1.3670182670877338,6.061619337522711,1.194664981218392,4.0791989725633755,2.2744348853052103,7.030928537713405,5.025816436016817,4.075177621726446,1.1825047559088995,5.019896888544504,6.055762743564419,2.214548981925856,0.05189861632057562,0.22935030794780328,1.3217329754934555,0.23064121604954607,1.1439337552354334,7.0335058334967115,1.2799928257765814,1.2271160633726486,0.11541735812652885,2.2948086891639954,6.078264279776654,1.2019825507077129,1.2708377639020874,5.020232077157478,1.1456186511143587,1.1746259323941781,1.304447764772774,2.3078215765437755,6.049989730541235,1.3420989083331079,2.2250125941850145,7.032513896830573,3.064768924554747,4.068888729677733,3.0572038197624956,3.0128063706322443,1.1076824432519248,0.0690357878744211,1.154466697469969,2.294373949286042,1.2737901259790732,2.240071278992472,0.10249041790973389,4.115008757379292,6.054953481558358,2.273734704876732,6.069763665503561,4.093518553416307,4.084507682771868,7.034616798376903
0.2412621995023878,0.17477023473520448,4,4.051642413002963,3.0431975889463803,0.0,2.1591408530222216,4.08390985970435,1.1913437949869616,3.0942078300174187,3.0417928462268393,4.120419014428559,2.0855499508839115,2.109095690229275,4.145231821621519,3.114168232277545,3.064493804093786,4.112766868304749,0.25504814702666817,3.09715843450999,1.1772492361748235,3.113171037408287,4.133780070712691,1.164320847603262,1.0654886310549512,4.066105183187005,0.10727052190364769,1.1016845235684194,2.0968448234233246,3.114306724199483,1.2726662222868497,2.010337160764317,4.125271614069007,3.0587573223066764,4.09711274188068,0.21712540413921275,2.059825176625567,4.067473915613509,1.1062257968492326,4.085280216275903,4.042255119135456,0.10140447633163387,3.01449131537243,0.1387849462407561,2.026166144598756,1.0835355360900472,4.032860721477677,1.0555035076023707,3.050332865007046,3.092481190363066,0.12197185239628835,4.134484795570497,3.06820437833504,2.06718126124973,1.0565120487812458,1.29426705437356,4.086428040400196,2.143675951842951,1.038514452081125,2.0214480305603275,2.1212830410062704,3.052725467664143,1.171870258328263,3.035524242896339,3.0620161034240945,4.106279986254478,3.078338461556572,2.0107469037418744,4.092183461187328,4.10974229337431,2.0725513811118135,3.026832914199699,1.2715896361355348,3.1242941648789677,2.0526915503021965,4.08201423748861,2.1338791764343545,2.0144238671474533,2.0502890759128802,4.118900376212146,1.2677629199451557,3.0736793473083965,4.09662127330347,1.2015950287303994,4.074795141074985,0.1191874860610599,1.0424537385796386,0.1340449115430506,0.24050275722858874,2.0246107273872007,3.0430754860802405,2.0583085821468523,1.2913682309707337,4.096733440036859,1.2369160927206728,3.0415473768199166,1.1368037689334363,3.0815222812766256,1.275835354750789,3.0868363826993463,1.0838754366681942,1.0564833611730589,4.052658706690006
0.9722795094827668,0.531845738933655,2,2.0121547018599824,5.032639219124817,2.1591408530222216,0.0,6.008912808772129,3.120811231070183,1.1581526989442996,5.016383071686408,6.015234767567588,0.22261870908426515,0.24997862922151992,6.015266185749178,1.2079467109211333,5.016286518468424,6.008963642938895,2.263987201987482,5.0277094295244,3.1117405508673963,1.1294242186056391,6.0186589984655585,3.114622977623126,1.3747133297616483,2.0090818721971027,2.1708208769022055,1.3901430860576491,0.2449718285391929,1.1168093747526657,3.167056709610282,4.0645773677637065,6.015660081808921,1.163803208176089,6.009320546964112,2.242927150023901,4.031141287527231,2.0023517367649406,1.386677002305179,6.009166356048534,2.0190972806775105,2.198868154911344,5.046691367124297,2.1410103984264715,4.06198529225295,1.3735275567227039,2.0302568110002044,1.371422337057948,5.011831644602394,5.0254033898016495,2.136075969104705,6.011962162613394,1.1946371930717805,4.028839088168368,1.350281511386677,3.1164308296622725,2.0032251100094878,0.06438198178565369,1.3899905695084764,4.0592753668122326,0.12729595921038064,1.2053330711735486,3.117283909217115,5.031448368706266,5.012011479347278,6.010598144630042,5.016732655515575,4.058862647775652,2.0042915542660906,6.005000649247224,4.035457196051531,5.039385277863333,3.152924313876091,1.1611972861572244,4.0395253157723285,6.0095017222711204,0.12709376840394682,4.054533240265234,4.032986287693702,6.006465038103869,3.1728939006689862,1.112633546561663,6.016683291276527,3.1113759981934623,2.010748367503301,2.185122970774034,1.3207716962917866,2.21116877145314,2.119460840389739,4.035319483940938,5.025420555054622,4.023605161308698,3.1404726212939917,6.006263749903191,3.1086109836626656,5.022622797494409,1.393493158473425,1.1213683520144369,3.125146767758445,1.1944924118839442,1.3746598621825525,1.3936473041299886,2.037944518388074
0.7807511762973772,0.7970815604453344,8,8.003389271508011,1.2706405843163184,4.08390985970435,6.008912808772129,0.0,3.063387033547794,7.005915325661799,1.166463801559107,0.1685030184397207,6.010489024563028,6.022373779908183,0.2683241860278173,7.009547414354792,1.198356187776299,0.14514571773331217,4.142512924275014,1.2930108137812306,3.0579067077468567,7.002972873399852,0.22462426360525548,3.0619462292797315,5.066127476003845,8.001746448420342,4.098003194708672,5.064367558319317,6.019647810754671,7.00216422792829,3.0929247315395636,2.10716967981193,0.18712229219540147,7.009665929145039,0.06451393737165914,4.119133534983955,2.031707377453392,8.004410017677046,5.062818407098321,0.007441588093680737,8.004575161499108,4.104975620089836,1.2881655298960635,4.0652483419411025,2.086629195490242,5.0627362617813185,8.006405096891681,5.0671757062138125,1.144531413417747,1.2772262755824135,4.06480741744957,0.23326389953261234,7.011590443521953,2.026513602845918,5.0613755491129435,3.0500791955271396,8.003059107573272,6.011403901908437,5.076560014715024,2.0872307328329356,6.012723089619835,7.014791985472425,3.0630638034866835,1.2528591764532062,1.1639101315352385,0.10502073863154311,1.2141803836161962,2.099706666986552,8.003032962224637,0.18791415590984198,2.0297048895156595,1.2795316306263702,3.080920367284257,7.005056593868384,2.0426713897479507,0.016097097370478874,6.014986219244621,2.0896521103462664,2.038399464554404,0.21059277792322584,3.0986246365916292,7.003968772004714,0.1228209069058126,3.054673999082559,8.000967591501537,4.088799407474268,5.056807045975306,4.112849411297119,4.08047337704451,2.0637836193122494,1.2298896472742085,2.0285524342113095,3.0688250017598118,0.09759078705335662,3.048927799633374,1.2101881876596963,5.0606845643466745,7.003904775545982,3.058081131344056,7.0098144086303735,5.062978305964451,5.073218824646133,8.002142130604906
0.16113012339369015,0.8173267600560866,5,5.041316611533371,2.2278703370124497,1.1913437949869616,3.120811231070183,3.063387033547794,0.0,4.0154465761629545,2.173190000088184,3.083281427573595,3.0837350036974702,3.134009119386311,3.1167901541004346,4.014751665378527,2.22538197398711,3.0932438907928703,1.293821241177374,2.31302104184784,0.03611419642713118,4.027016800455138,3.0909093629309274,0.051192472839789095,2.0330688094161173,5.045337112313504,1.2525856066770122,2.020641350804594,3.1195938110468586,4.030199987283836,0.168773723571958,1.0979460706184405,3.0880333433981764,4.008790322236216,3.074235470989771,1.1998021345213168,1.06982564227737,5.0580683941042155,2.01838265937091,3.0637701817023153,5.036084299212119,1.2213138155297234,2.1744172065929765,1.1225008262175968,1.0548707291871942,2.0240456013343944,5.030217029805343,2.0381992647330507,2.174232336385469,2.300069435799801,1.1324404922724145,3.1123309110724597,4.005888627191348,1.0728962362598216,2.0324685084516525,0.207957821432506,5.062828905280937,3.122399272403262,2.0581149755999575,1.0672912142052082,3.114940206272919,4.004458811191815,0.036703148485735304,2.2062937719041797,2.203008700364658,3.0800593134193996,2.2516937792656013,1.103188281037065,5.064955995700253,3.10676446056364,1.0529085595103147,2.2006794693729974,0.1449956104443247,4.025511311143564,1.0531655263592392,3.0601734550740667,3.128488598231986,1.0950579059643355,1.0722896084678413,3.1126629193737845,0.17879700597226048,4.018805389624912,3.055380759632637,0.051215510426160495,5.046275867271708,1.1546749634759725,2.035733734538948,1.2398545761860658,1.2876519158515491,1.120345392766006,2.2088708336788194,1.0991524377200057,0.17082214011278582,3.0845967660364955,0.12117062707455273,2.196493383811184,2.0115016777580657,4.018597775302616,0.15775273458761482,4.008804755251062,2.024145137000197,2.0442717881106787,5.0223576459195804
0.5065209749285843,0.8845306713618863,1,1.0783857259834124,6.066666834167299,3.0942078300174187,1.1581526989442996,7.005915325661799,4.0154465761629545,0.0,6.043818165057046,7.009248733860684,1.124328374826122,1.227074545773201,7.017374518921736,0.10449186974961887,6.056409120504728,7.011911260711955,3.1594982959830094,6.083510755917258,4.0136505240384155,0.1142441565623623,7.011031498689378,4.01596800751558,2.095992796039178,1.0750445974275777,3.1178583173201293,2.0846266133225275,1.201536053678872,0.14064733611944422,4.027298212449681,5.0314057761776425,7.010318584420005,0.1659719855620138,7.00775045836709,3.1217137110696225,5.007773665264046,1.1177930065651078,2.0809691279644915,7.0059116433134445,1.074314090075369,3.116324541386354,6.059885123563944,3.0654636549688186,5.0206452403550745,2.085335909802666,1.0713567780882447,2.100796911976859,6.041091707287381,6.0791917886472415,3.0672240237814314,7.016346441309323,0.15212122614786827,5.006556170972301,2.0896391883096066,4.0086844722329005,1.1156062234812605,1.171363371173096,2.125347255621737,5.022463601418145,1.1693332571129824,0.23283758785281786,4.016100152426228,6.060683398300197,6.0482125236887025,7.008778063675701,6.062694272581887,5.030226855262177,1.118212338577789,7.015993730660855,5.00469344150271,6.063289189845048,4.0215519676738225,0.12089548472027122,5.008749755774483,7.005289854291384,1.1928291350085436,5.0266689140222205,5.010101672917476,7.017140433531783,4.030236283047201,0.12132874118823923,7.003701227165259,4.011444067542469,1.0700949454491546,3.0899885147527986,2.0859071480169464,3.1261316881870918,3.1116077990019444,5.023100140115473,6.058036910509472,5.010605167318445,4.016030487824367,7.010497740272758,4.008445824167416,6.053382249029,2.0722940074752807,0.08584327663676297,4.011644945185113,0.0873994792816383,2.0857041752133,2.112307691319998,1.0225677299030405
0.7432351839936934,0.19772327805558276,7,7.009674732797822,0.18344338279875214,3.0417928462268393,5.016383071686408,1.166463801559107,2.173190000088184,6.043818165057046,0.0,1.253977719604561,5.006044622587588,5.003365350198774,1.281962609727269,6.057219298943192,0.1345515753794018,1.2086291684415207,3.084681987860865,0.3146255740104728,2.15939640390916,6.044343353500742,1.2877808637301464,2.1572690656344746,4.0725195843904345,7.013810126751606,3.0404601380877203,4.084429435437924,5.002664985925547,6.042520546695914,2.2445540883903696,1.1217610156874374,1.2622369455472586,6.033774988351037,1.1895533316095808,3.0850970287915986,1.1126520419323886,7.010102656525399,4.0848551584907,1.1702192959110247,7.008541653204827,3.057543270174558,0.29184507984921865,3.044123519776589,1.148042304078869,4.076936440165764,7.008360343557262,4.069204634595718,0.0627208920227386,0.2895396423987672,3.0401781620469364,1.2516177887894748,6.04155884549351,1.1154663610127378,4.065712117320974,2.205350995067081,7.016583318994231,5.0118503506746785,4.067086253812909,1.1323383522622443,5.00771292589223,6.037956339353561,2.162620058751961,0.15985270323951273,0.11068263710647508,1.2100064780072515,0.2000632097646399,1.1070137721191953,7.0185452072655465,1.177146829993942,1.143619633232707,0.2237858909508142,2.2316958953254558,6.052458257083423,1.1286126033362034,1.166709349454074,5.008568784524399,1.1038262830273469,1.104309571605306,1.1983476386525749,2.2477917924611948,6.030437832785039,1.2278574118285608,2.167990510191478,7.017304471768431,3.0600020979899227,4.056409222571598,3.061730445685142,3.01715142883659,1.0614916703277228,0.1156258065521814,1.083294887990747,2.2273342991705425,1.1697121339195937,2.1778890701017044,0.08105471274806,4.093130665341986,6.034236957891756,2.2074853652888917,6.047313983074054,4.077229732480918,4.073296435477142,7.0193513868976405
0.8613509163521847,0.945057738009138,8,8.009707047720731,1.3722610558995996,4.120419014428559,6.015234767567588,0.1685030184397207,3.083281427573595,7.009248733860684,1.253977719604561,0.0,6.0217386966947535,6.035515519975623,0.13372464708762452,7.011352346703762,1.2823969011307808,0.10454825679510543,4.188207127952141,1.3786262234723339,3.0782539711854597,7.004355137276474,0.05633020224476409,3.084081735133348,5.090178206696947,8.00626606629324,4.137652088744406,5.085960286589279,6.032804728151899,7.003435061009602,3.1100849891866966,2.1623395138229564,0.021490166460490515,7.016973096407777,0.11307185778058976,4.15975865916675,2.0642873345207224,8.009792695299332,5.083870841833307,0.16124062613262355,8.011951936145781,4.14500165712461,1.3994489841993578,4.096939464624923,2.1339552937173156,5.085094320583708,8.0149117182291,5.0920318786563445,1.2254522491717452,1.36230337872217,4.0967623718776975,0.12781619855571158,7.018109721568742,2.05673744362488,5.085112051096498,3.058632964993047,8.006179829186,6.019485214416417,5.104286253252316,2.1361521391931975,6.022591291713134,7.02334816662232,3.0846811681969575,1.3545643014084288,1.2434901990913731,0.0757504463513638,1.2952398384551358,2.1540084481824855,8.005558299458421,0.19896613929269558,2.058343876760187,1.3870041776406805,3.0962405541059796,7.005542742534082,2.077831051104393,0.17568279659875988,6.02469178555568,2.1415060638429537,2.074249542914329,0.1873110637293537,3.117174526124729,7.009260894536384,0.13326821244081066,3.0723254898812504,8.004367006413492,4.1248572136073385,5.080615963296528,4.154243198451882,4.116982644810452,2.1108926289459227,1.3261642927998623,2.0621945067592278,3.0804321990122796,0.15657185026174983,3.062533797655022,1.3042353742514374,5.079611811002752,7.00836725400715,3.0694841776012205,7.014251435582921,5.085359898056068,5.099144317132036,8.007248286109135
0.7684374916951576,0.4423609837033885,2,2.0038524054084963,5.018401872648778,2.0855499508839115,0.22261870908426515,6.010489024563028,3.0837350036974702,1.124328374826122,5.006044622587588,6.0217386966947535,0.0,0.19972310785413724,6.026483782629573,1.1754608896169498,5.009945778250776,6.015913281741717,2.1692263709101933,5.024060608254893,3.075681843548769,1.117534104260839,6.026670652887479,3.076502138583792,1.243198081397847,2.0094537125921277,2.0955443651296237,1.2634145916375863,0.15245466129977653,1.1093410091516813,3.126115995752118,4.031780159919217,6.022953580279581,1.1025261744221115,6.013223029824078,2.1514583055318246,4.013921078752523,2.005795496354292,1.2616482558117605,6.010919504936097,2.0037298727799495,2.116228294206825,5.023705010542161,2.0726472700889644,4.031801354761033,1.2461229857763254,2.0066919906745477,1.2384508482727494,5.004119696501112,5.0215483280821775,2.068766202236867,6.022127719162887,1.1326827429266264,4.013254944888981,1.2216327684616735,3.0915127661733233,2.0166843423693894,0.18771993927901875,1.250076477491858,4.029254716968141,0.13491882596055618,1.1298185842130108,3.0791980422517713,5.016177704825956,5.006308124471644,6.015830478254551,5.012669270645999,4.027691751499812,2.020588142932049,6.01261290366161,4.018705702371597,5.020519647155739,3.115640598853225,1.1487011262973714,4.018985755977779,6.010552432321215,0.182984304408781,4.0249884750663005,4.013989075481888,6.015359203064348,3.1298772911006907,1.0754422355110886,6.018312248648377,3.077888447125935,2.0153043847845264,2.1056010673529455,1.194934545844686,2.1261048510477867,2.06046619743001,4.012457258061325,5.013026800752764,4.0083651076664415,3.1086976407253593,6.011025925211793,3.0795695532323593,5.0106758369416635,1.2739867475017934,1.0878070093943728,3.0958145321705826,1.1459327333922076,1.247105012519978,1.2566174519324185,2.022438663596138
0.9003835878144028,0.2924291741038033,2,2.023882095067464,5.010703814669979,2.109095690229275,0.24997862922151992,6.022373779908183,3.134009119386311,1.227074545773201,5.003365350198774,6.035515519975623,0.19972310785413724,0.0,6.037705419056015,1.2896281680334358,5.002374731096729,6.026304661501052,2.1915508480195105,5.009087470629765,3.123799144890046,1.2130332534234698,6.0412461064407195,3.124143829901881,1.3380211974402745,2.030713862093298,2.1100537344520833,1.3697673068191416,0.05158530407991463,1.2009132504595725,3.186291304451793,4.050634270432762,6.036583956000395,1.1996370661199645,6.024934090632292,2.187002183337024,4.034541417835259,2.0165791583830486,1.369289973959232,6.0229356175275806,2.0257040926761234,2.1404350909292074,5.022529101297166,2.1063208655574974,4.055201542935268,1.347275755787094,2.0316863683310453,1.3293094488176678,5.001506816417072,5.007618903798372,2.099915587776247,6.032358163567406,1.238635779228225,4.033920275074031,1.3133859882835723,3.145719220035575,2.0302182000857782,0.18559793516267395,1.3311020726328868,4.050853112772678,0.13309540174051737,1.232529087540376,3.127724878912864,5.0105203618955825,5.00096572096716,6.027838364396691,5.0028975281765025,4.045313026790465,2.0345332430394163,6.019895754478601,4.042424243609426,5.01592162747768,3.1742573861447148,1.252281646504514,4.041567778640253,6.022820153584912,0.12415550831408992,4.042990662724907,4.033854280292049,6.022948101196127,3.190328020383413,1.1632985841415537,6.0340416496357525,3.1274126498982766,2.038936681429943,2.1396847434110686,1.2805492628657527,2.14900614490981,2.062560953947388,4.026371866824161,5.006896779508438,4.025299099695762,3.166579564198502,6.020586108507611,3.1303780869633626,5.0056894166460095,1.388986240446907,1.1796263220729724,3.150857603255096,1.2555193039403794,1.3483516458229086,1.346817174690597,2.0609645110553476
0.9942864165279445,0.9595640825428347,8,8.01329020503307,1.4013549826633134,4.145231821621519,6.015266185749178,0.2683241860278173,3.1167901541004346,7.017374518921736,1.281962609727269,0.13372464708762452,6.026483782629573,6.037705419056015,0.0,7.020082498075964,1.2978943443390698,0.13208048664634295,4.219172458184315,1.38239985241077,3.1107581069754553,7.010343992524136,0.11716644860900109,3.1174941259960187,5.114906485415224,8.008798243799886,4.161949767874216,5.1110330439685905,6.035938261136251,7.008887835655279,3.1478259379102735,2.206348126916511,0.11433200418684525,7.027081980177887,0.2038126713776581,4.191248987999562,2.095453654889485,8.01136789485287,5.108758341118735,0.2623776463339171,8.016553504771931,4.172509812718815,1.4486259132972483,4.121446744064724,2.1778086718303293,5.109678168925455,8.020745273826446,5.116653244792698,1.2486974885919533,1.3673221212857347,4.120677711795945,0.049828150545467076,7.028827349068375,2.0864020088494306,5.1089365422370445,3.086992536685275,8.006608310241411,6.0200669229986445,5.129474908080336,2.179073914103411,6.024423162401042,7.0351068893532,3.1182820761295584,1.3875116248882413,1.2600201805193971,0.16433645039962397,1.304305550530241,2.1961167344445753,8.00564036258805,0.18469034399950518,2.0904262262056386,1.4265689650052356,3.131803361408833,7.012002633544278,2.1128949653780764,0.28053306411390855,6.025559395272862,2.182422318388225,2.1067177906320356,0.14977445177531012,3.1560055910379843,7.0168649007476604,0.2661759961528932,3.103881872622807,8.006487951149476,4.152601371436567,5.103311982976893,4.1823221358016855,4.1354215535365775,2.1441855870528204,1.3539210965682977,2.0898950507087597,3.113081039264919,0.20610014790223646,3.092173806281431,1.332477963714195,5.104373232873477,7.015879404045631,3.100251032952033,7.024033217628849,5.109985261546086,5.124574247603727,8.01279463052852
0.4640596754173477,0.9800062645131644,1,1.1205949911645876,6.0827694459193955,3.114168232277545,1.2079467109211333,7.009547414354792,4.014751665378527,0.10449186974961887,6.057219298943192,7.011352346703762,1.1754608896169498,1.2896281680334358,7.020082498075964,0.0,6.071512493206994,7.015562196311821,3.181661606755177,6.101571918787936,4.013805675853665,0.16429595562771118,7.012560565042185,4.0165569973048605,2.1075222501514768,1.113799267271735,3.1411745048881428,2.091310766389156,1.2619830442582507,0.19566506599738184,4.0225221066309045,5.040103114649419,7.012389991130438,0.23965672195366236,7.011167617508139,3.138750599967578,5.013906790185855,1.1643978155427317,2.0870684442883682,7.009459044210697,1.1166181244835445,3.136807048031762,6.074120752367815,3.0812951259336505,5.02703881137719,2.0942525301457104,1.1129175531621769,2.113883864330329,6.054147961138372,6.096816557149194,3.0838940745072296,7.01965987270089,0.19650055015957443,5.012478640814288,2.1023225192595594,4.0048577242488355,1.1570460010733672,1.2248098914171572,2.142150674763281,5.029636682652829,1.2245488108073337,0.28131931523065623,4.016292964992981,6.076001708670374,6.062246716882359,7.011884364067428,6.078502497946765,5.039281463632675,1.1584088298202824,7.021026148902261,5.009394515299028,6.078563063981406,4.017093403265377,0.12053418984221916,5.014398102846318,7.008807800751956,1.2499670871873079,5.035372151226675,5.016775295834069,7.021864630401136,4.0255591479599975,0.22563119626810807,7.005503005492825,4.010692150924317,1.1054451093294064,3.1066019885278435,2.100812857937402,3.147286758760083,3.1378070820411175,5.032831053466652,6.073222863344008,5.01813537895493,4.01129568673754,7.014821227233271,4.006625650326881,6.068005595780142,2.0749361560716566,0.1902013622243953,4.007937817946392,0.10988920329205558,2.0945833086212473,2.1256846164434604,1.0491616448421046
0.8658131045739274,0.14223652447146418,7,7.013688603813302,0.18858553519909668,3.064493804093786,5.016286518468424,1.198356187776299,2.22538197398711,6.056409120504728,0.1345515753794018,1.2823969011307808,5.009945778250776,5.002374731096729,1.2978943443390698,6.071512493206994,0.0,1.2287968594729701,3.111470801013956,0.18636333279840164,2.2098055317750034,6.05501921807077,1.315618773171717,2.2081446540106544,4.0998943772944765,7.01736947404669,3.060304154454454,4.113726486351157,5.0030586099930145,6.052503763789365,2.3043794792458874,1.1886715923638675,1.2891579834090763,6.046933595169155,1.2174114075082554,3.1159222474379877,1.169009150461497,7.011840779564475,4.11418685187324,1.2021293879725594,7.013381067107353,3.0823658204923983,0.38017919716314186,3.069368548932434,1.219191975725593,4.105072149957462,7.014284140790339,4.095953663022964,0.12453900335081415,0.16014668395921622,3.0643090718862003,1.266741865406522,6.056017020458094,1.1702916147089468,4.091923109920733,2.2554137618693195,7.017997391725995,5.011514580026997,4.093009487801381,1.2010377626040964,5.008150915624681,6.052742190148883,2.214059946720278,0.2023162689811902,0.06492001789997358,1.2364890274142235,0.0660516783267828,1.1709949454926085,7.019811993776126,1.1887160855207788,1.2036525613364057,0.2837384957650078,2.289212957279557,6.0642989425205,1.1907312991606593,1.200293732888266,5.007684386598081,1.167161372055448,1.1613033363807812,1.2088580415589143,2.3085468948898247,6.041192589185002,1.2678205468414985,2.218340111730503,7.020920267306573,3.087702647650871,4.080892024704169,3.086603895366346,3.0293996874512676,1.1129976538688313,0.1367653905006981,1.1323308957438913,2.282323255010982,1.1911931016519146,2.2273697712226825,0.12943551239306486,4.123482432899018,6.045329246080267,2.25977386205417,6.061618029908258,4.105413449511256,4.1006298106702435,7.026778228448395
0.9139647768664578,0.8547132878161132,8,8.006814926133634,1.3191541254653993,4.112766868304749,6.008963642938895,0.14514571773331217,3.0932438907928703,7.011911260711955,1.2086291684415207,0.10454825679510543,6.015913281741717,6.026304661501052,0.13208048664634295,7.015562196311821,1.2287968594729701,0.0,4.179360489069321,1.3145156010487524,3.087076575116929,7.006621218338763,0.14552359967604242,3.092433962039969,5.091517806050071,8.003757798203777,4.127435847820264,5.089268378095143,6.024352457570557,7.00534102648589,3.1254188978011284,2.1555584343255805,0.10654126508346143,7.018513561483033,0.08375216770247203,4.1547952084265685,2.061915906795418,8.005909534221583,5.087397709073116,0.14051407109042438,8.009159559536771,4.13716822389972,1.3574986206213542,4.092324872776311,2.1322800325110665,5.087476388092763,8.012344648613311,5.092731537970781,1.1802268935046731,1.2995235369195395,4.091481232548621,0.0900359341827434,7.020690016370707,2.0547077698301113,5.085925968025694,3.0721101296671,8.002923085427422,6.0124496199562945,5.103484196481055,2.1326288736769405,6.015342954628009,7.025374352735303,3.093543026697832,1.3046477457387513,1.1935129905619561,0.058966556678111896,1.238214424924371,2.1462119651086256,8.002430265363566,0.09455890068453934,2.059396050837112,1.3391620013970849,3.1110300939359736,7.008811207178615,2.076967797666557,0.1595489330881137,6.016769937823219,2.134343396089651,2.0707579501366236,0.08912215989517261,3.1324615370923166,7.010147082667099,0.189507425743073,3.082207626036294,8.002296499235836,4.1199233054663384,5.080455047655212,4.145947592427512,4.104097245141992,2.100530475260036,1.2752139961111688,2.056226322157229,3.095355477432634,0.0745622422915078,3.073602679972776,1.2550638118643165,5.084493917632743,7.0097506263501534,3.0829929509813034,7.017503711200964,5.08775986886608,5.099774188091404,8.006791745626492
0.052154969951635266,0.003632824934261425,4,4.099831309313009,3.0748957907219796,0.25504814702666817,2.263987201987482,4.142512924275014,1.293821241177374,3.1594982959830094,3.084681987860865,4.188207127952141,2.1692263709101933,2.1915508480195105,4.219172458184315,3.181661606755177,3.111470801013956,4.179360489069321,0.0,3.1437715757046774,1.281742094426549,3.1863404362540457,4.20445114979144,1.2632717221977556,1.1062695202714556,4.119479720043552,0.2235880153106633,1.1518979303890637,2.177733123619835,3.1886203724821858,1.367363020702998,2.045858554457203,4.194257516528829,3.1116751422426887,4.159470345628094,0.1673643872748705,2.131991732611158,4.120438910337977,1.1595001936714158,4.1442539903946205,4.086776029374023,0.15484140898335075,3.033573212518129,0.36238645686041654,2.0713720298879106,1.132578820266107,4.073216035514321,1.0929313712043982,3.098270615564909,3.1394812487452195,0.35830274796768474,4.2061858496690885,3.12181875992064,2.1428411179772686,1.1026160290672036,1.4252006465664828,4.145581491860909,2.2430068690729645,1.0591599286928288,2.0656773286572827,2.2137586838963332,3.0997915870149195,1.2712054650750428,3.0666920339544226,3.111796749244091,4.170993103427238,3.127998459708272,2.049167215308253,4.153008581971388,4.175619283145251,2.147795857390339,3.051670583771812,1.375129582100263,3.1985371663163464,2.1190626525664227,4.139963517622853,2.2282961460891064,2.056990445704738,2.118108312567918,4.187039460464018,1.357188638278001,3.135562872063723,4.157515490622908,1.3128777821220472,4.131018715386149,0.253105157722517,1.0930195291373264,0.12100391394868769,0.4046651231930059,2.0794180511905602,3.079512176145085,2.1320996617791645,1.4076958488138218,4.159263955542667,1.358814299687734,3.079679932165634,1.199010458271025,3.1454100726570373,1.3974465785565886,3.146775552198498,1.132636552222753,1.0852782472186078,4.100456252549392
0.9919941061444375,0.005088259245867088,7,7.026444431966069,0.2655968450059102,3.09715843450999,5.0277094295244,1.2930108137812306,2.31302104184784,6.083510755917258,0.3146255740104728,1.3786262234723339,5.024060608254893,5.009087470629765,1.38239985241077,6.101571918787936,0.18636333279840164,1.3145156010487524,3.1437715757046774,0.0,2.2951276420741826,6.0805971069503535,1.41266819865061,2.2929988502988894,4.140804070108527,7.0304144529451555,3.0873833111129003,4.158413330260578,5.011582601017061,6.07723693022392,2.4022376908340326,1.2895616621951167,1.384270649194183,6.072800890594688,1.3097665431071979,3.156474805505195,1.2754299706099457,7.022075142911481,4.159207787034352,1.2970614366161288,7.026695514787587,3.1156162842412427,0.4917337805422785,3.1081639593874146,1.330481715986382,4.147868476388833,7.028459602012938,4.135625952652545,0.31065725568578834,0.026591415935890084,3.1015293217703994,1.3491527447572003,6.08396200379922,1.2766268436826087,4.131516877165784,2.346656660743819,7.028917990461894,5.021718539876129,4.130053820515258,1.3086558130513428,5.018445988040736,6.080097652861522,2.2998626850605297,0.3083518306931705,0.24395862396425638,1.3286698349847972,0.1349487437397524,1.2694932302218873,7.030831103564401,1.2633925953890208,1.3161403165839067,0.38099807813728814,2.3854301958390143,6.091828100016357,1.301300161300169,1.2965035619191412,5.016327857830768,1.266947132907937,1.2662549378925725,1.2835906291728079,2.4067153174028983,6.064940183939667,1.3734311545268152,2.305090476740234,7.034588350406189,3.1270242047288583,4.118235402039193,3.1190852379394864,3.0485677172542958,1.2040210467166454,0.2606506252492899,1.2305624046898027,2.3776107552349455,1.2759686122803555,2.3153081414136607,0.2766410097801066,4.170933715503459,6.069927149798015,2.352092362152566,6.090395085694863,4.148258249403157,4.1404657959027675,7.044591974634448
0.18848240095293012,0.7937452398358016,5,5.037050216034353,2.212676925028174,1.1772492361748235,3.1117405508673963,3.0579067077468567,0.03611419642713118,4.0136505240384155,2.15939640390916,3.0782539711854597,3.075681843548769,3.123799144890046,3.1107581069754553,4.013805675853665,2.2098055317750034,3.087076575116929,1.281742094426549,2.2951276420741826,0.0,4.024674668494203,3.0860968517246055,0.033501670767978615,2.0311885747874183,5.041082080148678,1.2366603609958877,2.020199089254806,3.1099212661906637,4.027596388999428,0.20481618312793495,1.086364818152147,3.082929425385013,4.00678572919755,3.0686115006297476,1.1906826887539275,1.0576333398657214,5.053075335243139,2.0180437653030125,3.0583269972447713,5.032013438275199,1.2082995815693223,2.161916612394531,1.1105132005861933,1.0455949686143982,2.022839851840545,5.026429884809208,2.0358578127262112,2.160329570707047,2.2824798809811475,1.119676037220668,3.106005807340454,4.004489949284492,1.0606208975236624,2.029997651110092,0.21715940167315592,5.057940363323253,3.1130251230154067,2.0549167649202116,1.0569163670887263,3.1056613023209874,4.002969268660966,0.028989858444246525,2.1918058969240835,2.188112838815831,3.074486537118827,2.235336526828645,1.0907237108781696,5.060073097218595,3.0995585416782823,1.0425517987867505,2.1867626575605184,0.17894009262109442,4.023730479474385,1.0424006730999618,3.054840824992621,3.11871006261753,1.0825916716465314,1.0597916647177976,3.1055153508155144,0.21477102474646448,4.01606574440363,3.0511904222335784,0.049914388029979766,5.042150980621545,1.143865101838552,2.032314664342228,1.2267962349421921,1.2679491713492312,1.1050035408759902,2.194062248377887,1.0847570499075032,0.1960073412611158,3.07823085275439,0.12374303248862265,2.182026765855197,2.0120706282508873,4.0160822434666015,0.17443903691898646,4.007572724958469,2.022962395067558,2.042093491848763,5.0194514041974605
0.615945157288436,0.9173647333025519,1,1.0689851295459678,6.068478874403229,3.113171037408287,1.1294242186056391,7.002972873399852,4.027016800455138,0.1142441565623623,6.044343353500742,7.004355137276474,1.117534104260839,1.2130332534234698,7.010343992524136,0.16429595562771118,6.05501921807077,7.006621218338763,3.1863404362540457,6.0805971069503535,4.024674668494203,0.0,7.005553907952248,4.027743466938316,2.130070737908199,1.0577641025262008,3.1369240264195146,2.1185707305137136,1.1907031177260938,0.0313909543667074,4.041115608692178,5.04120566636809,7.005084232456827,0.2635626062407904,7.0038208157309745,3.1481278362583414,5.011520531703149,1.0970281263733614,2.1144287702103814,7.002903143857342,1.0716711025691559,3.1386543877078625,6.06566068220455,3.083171729984628,5.029700806444673,2.1186711800525164,1.0767283113093622,2.1349164292038183,6.040552770935637,6.076422172196427,3.0843939168525214,7.009697010191893,0.26397933601309137,5.0096611725663855,2.1220623001160726,4.015916818539994,1.0861370624272029,1.1464763765711496,2.1612012613728924,5.031336947266568,1.15061695850031,0.34038822044702455,4.0279270612481595,6.063037897303109,6.04669537321184,7.004308675555915,6.0602511873406755,5.039301274083408,1.0862886119520856,7.010234907319528,5.00845006453452,6.067172982924002,4.033836256578623,0.06727882930445975,5.01393018515209,7.002591964038905,1.1707392488924835,5.03512221190539,5.014501926932757,7.010862930445456,4.044879117740847,0.16288277012560795,7.000978047943739,4.021591912763492,1.0491547498521512,3.1117863381445208,2.1163772682906,3.149291940799566,3.1242642657861626,5.0286545213625615,6.059192078517495,5.0133443635041965,4.026146023536299,7.006074011433706,4.0169978126103825,6.0544238403918325,2.1048577679123204,0.12837335177303594,4.020615777848222,0.20026852673327142,2.1191180617298686,2.148108318863957,1.0225265377564485
0.8832473625030769,0.9969580013119104,8,8.012655857568618,1.4102169925719115,4.133780070712691,6.0186589984655585,0.22462426360525548,3.0909093629309274,7.011031498689378,1.2877808637301464,0.05633020224476409,6.026670652887479,6.0412461064407195,0.11716644860900109,7.012560565042185,1.315618773171717,0.14552359967604242,4.20445114979144,1.41266819865061,3.0860968517246055,7.005553907952248,0.0,3.092503780252452,5.098836171470145,8.008629809466047,4.152135576776158,5.093732706533324,6.038493150898315,7.004621679678047,3.1165111779092283,2.1826336627933416,0.04138182517655808,7.020065603958242,0.16903282803678754,4.174208545626936,2.077578095871434,8.01251154963876,5.091462193857095,0.21732129932108088,8.015224836452568,4.159450618440971,1.4394089761965514,4.108631025471704,2.1515965796417937,5.0931626274130375,8.018522837996413,5.100979466160376,1.2574613969607908,1.3961522761734257,4.1085771229509485,0.13297921969283816,7.020891124162666,2.069297200635449,5.093706509037756,3.0625357728628106,8.008153534126986,6.023505304383641,5.114215416281474,2.1543884607965906,6.027181342025008,7.0267991839516455,3.092910572063426,1.392393710583565,1.2753410308237736,0.13021805016931287,1.3277762798478938,2.1741134758407585,8.007338053480842,0.23573829418041486,2.070224281158193,1.4262667481325628,3.10213902455193,7.00639863046752,2.091796848799577,0.23129755073051905,6.0292728297595914,2.1608479986246527,2.088594204218898,0.215916005179581,3.124029954063243,7.011766405149239,0.1737561386550536,3.079270664571128,8.006353734409597,4.137908000532594,5.089294903420862,4.169139489142888,4.13067059937004,2.1290354593164804,1.3625873739627936,2.076035905702151,3.085179373289951,0.20764577186915908,3.0681558461460887,1.3399777954208174,5.086458808760913,7.0105827536949485,3.074264000514541,7.016341258734124,5.093434332265514,5.108426492123736,8.009666727657914
0.16871228455242682,0.7666989010492563,5,5.038157000599401,2.2082155200587437,1.164320847603262,3.114622977623126,3.0619462292797315,0.051192472839789095,4.01596800751558,2.1572690656344746,3.084081735133348,3.076502138583792,3.124143829901881,3.1174941259960187,4.0165569973048605,2.2081446540106544,3.092433962039969,1.2632717221977556,2.2929988502988894,0.033501670767978615,4.027743466938316,3.092503780252452,0.0,2.0256931826124,5.042766326709928,1.2224426055848152,2.015753957360697,3.11019057187354,4.0307352561996295,0.21202156443947695,1.0779030831397263,3.0889610609195186,4.007722311692361,3.0733095539039836,1.1741123014569366,1.0587994089751789,5.054571659642048,2.0138607687858374,3.062442507098771,5.03275418970314,1.1930102331194792,2.155530369649092,1.1001921693467192,1.0399451861571964,2.018109172226764,5.026769551166729,2.030021559422665,2.1591588513353113,2.28047379177524,1.1093570480755988,3.1122652424229944,4.005630156252677,1.062756237523196,2.0247446621160465,0.24969329597720955,5.060148803867023,3.1152548429336226,2.04777274197446,1.0508171615850646,3.1071788186600537,4.003395831423584,0.015227975267704304,2.1873513964340963,2.1871137617692122,3.0796286211302077,2.23404575604971,1.0828420536827674,5.062471063703776,3.1045571454368956,1.0450694275707246,2.1812275237510694,0.19423445084279292,4.027045544181251,1.0422697935949654,3.0587918736749216,3.1203511003647892,1.0757307894913766,1.059659499751774,3.1109400364629987,0.21736467109303478,4.017807914928387,3.055928835388647,0.08278549433639522,5.044179249488297,1.1303836114874155,2.027161414114308,1.2107671697468168,1.2568213657794258,1.10077768021755,2.190539097378844,1.0858217464468778,0.22150053550242654,3.0828000994133493,0.15699440593714312,2.178877777034671,2.008855625245346,4.018089748689583,0.20454950084068943,4.009430635748322,2.0182165533191876,2.035697584080892,5.020781757580929
