X,Y,cluster,0,1,2,3,4,5,6,7,8,9,10,11,12,13,14,15,16,17,18,19,20,21,22,23,24,25,26,27,28,29,30,31,32,33,34,35,36,37,38,39,40,41,42,43,44,45,46,47,48,49,50,51,52,53,54,55,56,57,58,59,60,61,62,63,64,65,66,67,68,69,70,71,72,73,74,75,76,77,78,79,80,81,82,83,84,85,86,87,88,89,90,91,92,93,94,95,96,97,98,99
0.297166860999051,0.9638360870478272,5,0.0,2.014350078051513,2.101940158408771,2.003349662117708,1.3971011382671419,4.098588065943155,2.13078697193226,4.090397504817075,3.0317723182498617,3.0806598104169183,0.16808718672500292,3.0619848214512233,2.1012779576661518,5.040034931724854,2.104951695965569,1.3935569461738184,3.0643390954611402,3.040447437774733,2.0444932505812967,0.3587334766751874,0.2832982342880474,5.078950991739209,4.116083572686224,3.0310389993857565,2.0939323875057965,0.3773121461721032,3.0579951211384584,5.053470750931973,1.3800103231897611,5.053530640803798,2.071844346103868,2.016341549989036,3.056725361873829,1.323567077164325,5.071741486997547,2.0441725616466804,1.461201007739574,5.047696545040121,1.4035534566411194,2.072654769557358,1.3485258514052298,1.3380672503575672,1.3612419105716491,5.073867750609413,1.4299867379197977,2.0939759969074943,5.050055744499056,4.058529564816552,3.035328574373786,3.0547025192463084,2.1125726086178047,1.4447130340660272,0.19813380680466797,1.391826976601322,0.2889982473766178,1.2851602776293296,0.23042360362884226,0.39864950089640183,2.015082482648109,2.109382540538438,4.082951032106442,1.3177259857350638,4.076117670035869,3.067665088181628,0.27813821659246546,1.3644617423874634,0.16139317406065984,3.0576830707757665,4.0757941177696795,0.15732413646708635,2.113490356308126,3.0722893830731266,1.35926275612977,3.088287183187999,3.0365915853593397,1.4147864201532154,0.2791580383729115,3.0435610534126876,2.025755476203128,2.042477022321301,1.3806852691395557,1.4287906748342127,0.25445183950115224,1.434226072192188,2.054584394346614,2.082237053776253,0.18486732783316911,4.089361686943809,3.101129823393581,2.0096311682925814,3.059569614839941,2.150824705694797,2.0908742035122314,2.0497448311717763,1.484683359500693,4.107617899475687,0.3128387100067187,5.071304802728013,3.033808307544035,4.108033878165986
0.5359108478219101,0.9391876448645241,7,2.014350078051513,0.0,4.022648744133841,0.1242186584113924,3.1198420973249616,6.0696424738506565,4.032394031289548,6.0718021727331095,5.014469854625945,1.2243948303973287,2.0232001951309475,1.147552153587531,4.020400495997012,7.019623714106576,4.022506004562855,1.3216776657650275,1.1816235386634415,5.008621293052678,0.22009595326074108,2.059872973282457,2.0631589117975166,7.038021851857052,6.0842377500498275,5.0093028229139716,4.018145053184775,2.0761786862595244,1.196909867342209,7.02725574999746,3.1015459588641283,7.025328436953882,4.011376119341651,0.16961861028822345,1.1334934277801174,1.2854209848815403,7.038349543536488,0.19576745557773126,3.133852123732798,7.02112146439702,3.1224798434794336,4.01296536724357,1.2768920583443637,1.273783952693354,3.0984899155872125,7.035103912295196,3.1243942676515286,4.01883212003958,7.021509782285714,6.047346499652838,5.015280516316163,1.1391367169848365,4.024605895626425,1.3720049428701018,2.036343257365488,1.37505367824843,2.0375246387031423,1.2502149746569777,2.0502702202978123,2.071462957630796,0.0874035470763032,4.023345900899449,6.065618440187728,1.277924449928708,6.05860692575051,1.206266939642142,2.023288709555233,1.307193007183879,2.0342526328169663,1.206949966800443,6.055281798122858,2.038511960149897,4.029912629193423,1.2270282942905426,1.321208707703793,1.2283979097633626,5.00841366356505,1.3568744135007615,2.0213530913656026,5.017489635337913,0.08291970195930408,0.17801857465144183,1.3282234146630674,3.120047691431127,2.0585589159844067,3.1215643826178,0.25410643862801174,4.018092960181439,2.02559980165472,6.069904184776659,1.25569081286879,0.13738025643865576,5.020337841049682,4.042020371586064,4.020614963514301,0.21334656742936958,3.153806551997863,6.0765617550962165,2.0461849719306104,7.032800516958588,5.008393987629231,6.07938355827634
0.8852415435293081,0.6949111954917894,3,2.101940158408771,4.022648744133841,0.0,4.03600312251997,1.1571311447149795,2.1925344825318622,0.09103734324029761,2.23613938288562,1.089075099730556,5.049429204048109,2.096704629472134,5.026274985792721,0.21631313014293876,3.0233203437462137,0.07345470869878441,3.062235365777971,5.042011478970929,1.0132555004474488,4.006279232900552,2.133419522020728,2.1781533704728204,3.0252722862303574,2.237184169141946,1.0467948732191878,0.1562689562540995,2.172294582888689,5.058179803519827,3.028299474093261,1.0899808499858896,3.0200104752665404,0.25525765884059104,4.021782225215102,5.024306855728182,3.0718655006684084,3.0397275399367674,4.006637395610601,1.140822553163794,3.014191889734309,1.1615560896672124,0.10402425247655805,3.0496905839090545,3.0529275493675985,1.0984203393668457,3.02252839829588,1.135284080248896,0.07924346000753521,3.011539257081558,2.1708384871419653,1.0810720264372686,5.029076626091837,0.12361155957800449,3.0769836297323088,2.1247792313499914,3.114326792754621,2.0997126159662165,3.0638161472266554,2.1579105241021597,2.1482359964309685,4.0200301248938,0.14220209036110767,2.217283211250883,3.0686532518936884,2.190254426695935,5.05273438589449,2.068964057109969,3.0665139623881386,2.129762436648274,5.064913351081209,2.16745335650522,2.1479172256527366,0.13530494765717835,5.0602208028313145,3.0826558890872175,5.0439382052725446,1.0218648269928499,3.0811857685155686,2.064441742873485,1.0668889851560905,4.0151937740959225,4.008238217531037,3.0757143104647287,1.116738762168564,2.1777183698929434,1.1172688450690063,4.003880413206571,0.10973165810976164,2.0988433393071873,2.2258804414691102,5.04689886891337,4.026506838822936,1.031916337898412,0.16157518382475586,0.08400576136616612,4.0123908135873245,1.2055582058026568,2.2112616468396817,2.114104803767971,3.018199139188351,1.0303247034924636,2.2297426866865093
0.41226045177307336,0.9510558652236175,7,2.003349662117708,0.1242186584113924,4.03600312251997,0.0,3.1353937388346975,6.066529091851119,4.048502763110498,6.064718383996742,5.015379700171132,1.2161542390308602,2.011211787348601,1.1541046673007347,4.034791014694385,7.023209745752369,4.036761651742583,1.3535138906101398,1.173718818986576,5.015308960157827,0.3191233369457271,2.041785827959848,2.0373313243620608,7.046552237017986,6.079687650081383,5.012673449303768,4.031716698524643,2.0514813118690074,1.1726468958828835,7.03187325908003,3.122738668725832,7.030972466022678,4.022568136015819,0.18213269930702417,1.140124109295903,1.2992292771248568,7.044010737936158,0.31047512583742365,3.157195992109502,7.026782254697187,3.1381482149087825,4.023505099182635,1.3084610236661813,1.301417690974907,3.116997332520776,7.0432529108324315,3.1452530817118944,4.032041720393138,7.0278488398624255,6.041829148848507,5.016881782451914,1.140024337759082,4.039839532264303,1.4044284558154911,2.0190113763576423,1.377941662438305,2.0251971142025136,1.2622094744447512,2.027586175052275,2.0512400409957663,0.14313706506295543,4.038376343209491,6.059138213241145,1.2925804362360307,6.053373941595334,1.1901754481266569,2.0175200368748367,1.3312001042349269,2.0163237624653996,1.1771885424608826,6.051655517352456,2.018265346813438,4.042585976017657,1.2064600535363903,1.3350903773965301,1.2280422563716207,5.0139939298533305,1.3813774332045192,2.0166589815055804,5.020523418293306,0.2063237299166483,0.2994827287338353,1.3497460953565978,3.1429044006044307,2.0331355144264966,3.144912424006403,0.36200124149044666,4.028508974417399,2.013131101145517,6.063440060253623,1.25771648353331,0.12044788371782263,5.026931097892077,4.05858007223555,4.0320362685974676,0.3345793264549464,3.1723742015682563,6.073022261380916,2.0312262975861533,7.04119243450089,5.013108805122607,6.074530160933949
0.7883329190143504,0.1208369802861089,4,1.3971011382671419,3.1198420973249616,1.1571311447149795,3.1353937388346975,0.0,3.0505329379900163,1.1605819827017578,3.089696037200538,2.0723307823825743,4.029019599551705,1.316916609660183,4.020106619184126,1.2793510642092332,4.014597115299674,1.1937461874744766,2.000774141865613,4.0309609104094895,2.086735767765862,3.0709526324578125,1.297239750989196,1.4488584726682958,4.005747711443303,3.067390799069566,2.075999960510361,1.2430815274416185,1.3740688853875664,4.053254173032173,4.00737398554894,0.210861838183787,4.008633369471622,1.297248347957013,3.087493800882357,4.021870065740103,2.01534819117326,4.001973375047025,3.083791921799726,0.2069598089206852,4.01273421598116,0.009569619559653117,1.1823489175544282,2.0014448013217008,2.0030502908734036,0.14592941181892022,4.006307800671832,0.1442956760914983,1.1986031985290893,4.013573545197094,3.0737722364515263,2.065503240348088,4.025956017517127,1.2181930173117936,2.0026913505647768,1.3581433152076337,2.0378037155066324,1.2672977282227416,2.0186249891667316,1.4249660573535867,1.3077836620495809,3.1001124714726758,1.2313543387587158,3.0824077937966026,2.014339396915846,3.068932471527632,4.040053718413372,1.2302134820291548,2.0048699025506163,1.3884905393834488,4.0623978978404764,3.053365505521265,1.4459127864067365,1.0955866147071662,4.045814295358844,2.015894863452551,4.020261779623194,2.081024206542599,2.0063191486640437,1.2256155438453031,2.0527936348396687,3.1085266767507473,3.0944912719317075,2.007474111347712,0.21222381798864443,1.4699383142645979,0.22467973936256558,3.0702150725356883,1.1317719037855356,1.3130314684719557,3.0825977129756263,4.017303747891512,3.102879555901805,2.0411242031052197,1.110449405111883,1.1296908991119075,3.1201948612845607,0.1223268156343627,3.055972142834912,1.2817183314080898,4.00883611748126,2.0789322031360333,3.0685093566305803
0.23752102876747017,0.07228322322591096,1,4.098588065943155,6.0696424738506565,2.1925344825318622,6.066529091851119,3.0505329379900163,0.0,2.2164282018081005,0.20152369350449176,1.1390413750822388,7.003205977212121,4.065560549328422,7.010935383029179,2.276943807352942,1.1291441887086606,2.222321709597486,5.024979834932436,7.00590632134119,1.2827835998834123,6.055747722657275,4.041026633656988,4.080213111023864,1.2210532083817531,0.10410986408110312,1.1989368884476448,2.2477038698296146,4.052388817232108,7.006997705539821,1.1245381667081196,3.0876726748198267,1.1607780364319893,2.263432044052509,6.046357683980551,7.012365870284207,5.009510464667284,1.1250274831158362,6.065024282341857,3.0946148253480694,1.180226699972338,3.050834793333806,2.1853192483386374,5.025093848001255,5.021009347112593,3.070901614032903,1.2147872717602997,3.0795382613043176,2.217051172208249,1.202001581805055,0.24219579478868158,1.1389621978458402,7.0105044575295885,2.2451253854626194,5.0263954350591575,4.067305504280143,5.003656771658327,4.045819401408833,5.009522186577972,4.07929893883708,4.038742658827618,6.057146318592964,2.251737123737224,0.18538685549820041,5.010231397797917,0.15287280227069558,7.004564700498565,4.049423989012777,5.017057100495472,4.077627650394983,7.008219283349003,0.11351119624058867,4.094327294846757,2.14903156376299,7.003986203456045,5.009126718991786,7.003917147590971,1.2516278844936717,5.017790465356693,4.050510696142445,1.1415892517657842,6.070893913411084,6.071209101083731,5.014845476584025,3.093974126525671,4.090087497312938,3.0971764382676397,6.060245578659089,2.152714788716305,4.06283500728103,0.17235160501487284,7.003392850271384,6.051922956575975,1.1893130647288577,2.1892820375217212,2.1598039974770376,6.089145453639277,3.0644056700815336,0.04598367795738649,4.04402642320197,1.2323363074166545,1.2312039895761757,0.09461855797142542
0.974967096733973,0.6795123979293624,3,2.13078697193226,4.032394031289548,0.09103734324029761,4.048502763110498,1.1605819827017578,2.2164282018081005,0.0,2.2675147773317756,1.1243038644392076,5.058839986291504,2.125807797195021,5.033347589561514,0.22781701546391248,3.030942047845597,0.09632764985183637,3.0649261562154275,5.051431695075183,1.031824649777868,4.012341369657161,2.1658564994945073,2.2157872041191973,3.024264434871663,2.263215100367607,1.0755773045813026,0.1833708719892333,2.2088804443693215,5.0704068118039185,3.0339773777441916,1.0829977773664685,3.0240689011981248,0.2994894181801983,4.032254864123198,5.031421928422084,3.080453350612802,3.0433824345520213,4.012381589885672,1.128707450131828,3.018366305646243,1.1646861073852632,0.19106807657354866,3.0529710036401414,3.057435590785337,1.0969362642621538,3.022219422604217,1.1283083884543639,0.12869958544292395,3.014599097527856,2.2004293481214128,1.1142111901158436,5.037119626233012,0.11783462590487463,3.0789259189590066,2.1572171679956247,3.1257400687177572,2.1286861327925344,3.0732090717649885,2.1936984049707293,2.1819038123604764,4.029870345936902,0.14275247258659837,2.247813194803821,3.077042838473649,2.218737224935572,5.063541811296902,2.0937683218948244,3.07179405901101,2.162689555158955,5.078105138783689,2.192981891598721,2.1823993121645353,0.16933070107166498,5.071811226028446,3.090952188775884,5.051943072657825,1.0439658881409994,3.0858346823122873,2.0885543539013227,1.0955250057320847,4.023091870231708,4.014063783161201,3.0815716590948927,1.1058895771038693,2.215214187680648,1.1053976872663098,4.008769202551747,0.19236474192126893,2.128208612254363,2.2561758852773353,5.054403765479449,4.037847442997825,1.0491780914747497,0.11562683890393721,0.16133511255306213,4.0176228499099675,1.202240386669483,2.2356847135419136,2.144688446474776,3.0175673098822995,1.0551299230078321,2.256555696345146
0.04966791406687587,0.1452421592171773,1,4.090397504817075,6.0718021727331095,2.23613938288562,6.064718383996742,3.089696037200538,0.20152369350449176,2.2675147773317756,0.0,1.1641853681532661,7.006516708026844,4.058754528251033,7.017153955476798,2.316716310817045,1.18784956266815,2.266233236410709,5.047268274298073,7.008777583448252,1.3323101581440555,6.064231832200593,4.031492887503331,4.061970808927526,1.3213479261532823,0.17995858853029342,1.2347880564515825,2.2870851905616907,4.036968617653606,7.005336263345291,1.1967010846548138,3.1322461003215625,1.2378235200599559,2.2938594029799164,6.0485820246284066,7.018354682600575,5.024034297096128,1.2113549107717154,6.073517911691181,3.144603135406202,1.2536478743020252,3.09035896447614,2.2198401642559573,5.046081052769963,5.040486195822074,3.112027467594958,1.3115161591087217,3.1258140762954665,2.2578303691622024,1.279280969409699,0.17576414621406644,1.1692840521341543,7.015114104542195,2.290359744324571,5.050215868084881,4.056295692431849,5.015404317621606,4.040282998975685,5.022578529118487,4.063459143815105,4.027807685172649,6.059760944757292,2.295699019344576,0.04331066625861541,5.024920871174635,0.10799292693901387,7.0054034312007145,4.048749012172593,5.036021117912612,4.065468700593186,7.004986882702193,0.17839641674864248,4.079379421092526,2.1949403362914786,7.003714154123775,5.0244410576385725,7.009515198755092,1.2970285736297642,5.0381341265415,4.050606369660054,1.1824543001314323,6.075792029870287,6.079272303022699,5.0333461804416375,3.1421857927983856,4.071524084533511,3.1460752972479953,6.07032564690521,2.189970404400557,4.055856060778564,0.03035801537595662,7.010029473903586,6.052546610375481,1.2506161256524932,2.2451610013921393,2.1998892778855312,6.097309611165407,3.1100753801166845,0.19761159479450244,4.036613942665004,1.3281711153126043,1.2728721981349844,0.14464842482585702
0.4743604504512966,0.5635289280271928,2,3.0317723182498617,5.014469854625945,1.089075099730556,5.015379700171132,2.0723307823825743,1.1390413750822388,1.1243038644392076,1.1641853681532661,0.0,6.0092612379798025,3.016533841487828,6.002840862460895,1.1541430857165746,2.0107948500009614,1.1124745594989078,4.035480780764487,6.005621081977169,0.2897637146414811,5.008072269897248,3.01900163407818,3.045416971893165,2.060764512424976,1.188762948864503,0.12985431279201892,1.1264138675901472,3.034300563474009,6.009616238740308,2.023037066731583,2.075569847520962,2.0260245783839195,1.13053081398379,5.004704472960619,6.0020199609198785,4.023799260006862,2.0432453661431365,5.012026544742315,2.1056972921505777,2.0224142767144673,2.0746945756843296,1.0677652222683665,4.027491026854742,4.025443576765395,2.0644757348869325,2.054155612338218,2.090181465189871,1.1023635000161456,2.027395353366634,1.087516810603803,0.030155363988360388,6.002283400850179,1.1342315543460497,4.045540519568041,3.024528356949638,4.039500180830907,3.010904379280834,4.017800673204722,3.038724943081768,3.023054950982932,5.0086021392068085,1.137638010153753,1.1426573084269103,4.02268037068774,1.1154075449871985,6.0086460618028825,3.005095470875377,4.030003739096914,3.0298428208151558,6.011969272986555,1.0982790709195083,3.041890080411221,1.0686442892410617,6.011277996258321,4.030165422261798,6.00923424513019,0.2345600076887706,4.039558871401865,3.004587479294871,0.09246764070135664,5.014437107380114,5.01484008487153,4.03315152677117,2.0939650902874254,3.0491079554807174,2.096877304472233,5.010621416434089,1.0506973874270191,3.0160685408495884,1.1547530471257934,6.011947640814177,5.007466873621958,0.23102150928695958,1.12053804086899,1.0603298664570489,5.024442057338881,2.107673323226679,1.1616018798315142,3.0142078822194702,2.0536457211722534,0.1946856755857149,1.1749031574585613
0.32740093494828015,0.2641570404197072,8,3.0806598104169183,1.2243948303973287,5.049429204048109,1.2161542390308602,4.029019599551705,7.003205977212121,5.058839986291504,7.006516708026844,6.0092612379798025,0.0,3.0479453330991353,0.19155890158610173,5.077788763352588,8.007200240652242,5.059366065017834,2.0482483884385414,0.07772638063173178,6.029715482986343,1.1713856173002386,3.0288537815828995,3.070814193959774,8.020460156131229,7.006875095618349,6.016951599662376,5.067390242564693,3.043945513815647,0.1824978025751268,8.008026240718367,4.046972162436488,8.011492230665112,5.071976924939991,1.1352031373722793,0.2123326242965884,2.015668089461044,8.010088100332915,1.206761218347351,4.05630422239994,8.01286955382646,4.029635560071423,5.045698693564096,2.0422580151605114,2.0344894408763925,4.036920790269469,8.019211525350098,4.046122631541089,5.057074764862363,8.015346447661097,7.002523149960387,6.009293320178041,0.17359113174963553,5.0674005757377145,2.0581084029506065,3.05237956651123,2.018908717772853,3.0296925178498935,2.010984631200558,3.067529896287091,3.0285420881281624,1.176317970503372,5.0694839163791885,7.004873004439242,2.0158997293990213,7.002702552925458,0.09137574194188992,3.0304694079828542,2.0320240276351575,3.0628094653759335,0.23347127884348998,7.001217904691551,3.080970005365027,5.036292026811979,0.1245576111746387,2.0200491001089835,0.0796210835144395,6.02476499332917,2.0405305480035856,3.0311731834511173,6.009869633980293,1.228288365529205,1.230063351749761,2.031101945977598,4.053626757232981,3.0802464484064007,4.055712879157136,1.1897940065885917,5.035741052984436,3.0455415519738693,7.0054439443062595,0.12126708971445337,1.1577401667913758,6.017024963779504,5.051306906304595,5.038395790864861,1.2976357845512736,4.042620066825264,7.004735902308375,3.0294773699970237,8.020797792624704,6.0216287272162194,7.005875733576753
0.2644802126266125,0.7989576913760396,5,0.16808718672500292,2.0232001951309475,2.096704629472134,2.011211787348601,1.316916609660183,4.065560549328422,2.125807797195021,4.058754528251033,3.016533841487828,3.0479453330991353,0.0,3.036963075195773,2.1132902559202025,5.027263327807641,2.1053164323422955,1.309107626671985,3.0357540932424936,3.0360423261635683,2.041527694168562,0.19973636794895605,0.2336730225319217,5.064190141304479,4.079775008138815,3.020989066894698,2.101193959098028,0.2517898031619129,3.029906684096661,5.038272246090234,1.3207603646983228,5.040108719391257,2.0857020668687767,2.011247609494643,3.0332729467731094,1.2335009286380454,5.053446781032612,2.0466159965754716,1.3937469887183263,5.036204669091011,1.3226650956875508,2.070484310462891,1.270040111283159,1.257243978988674,1.2962698633957812,5.059671415915102,1.3597626733799146,2.0950019422654695,5.03925512474588,4.033504546163484,3.0196334417555115,3.030435293123092,2.1163509922936696,1.3547246071985235,0.08823783888640652,1.2869992234079595,0.12097565910579963,1.1996450523415352,0.18292691331244698,0.24374449537982984,2.0166588098849445,2.115010688201473,4.052670867898646,1.2290985454649928,4.047148515561378,3.0373324707756852,0.14054322181881557,1.2766547476470715,0.11129444515931636,3.029793141243402,4.047059891635796,0.1876983187159931,2.0974869785015056,3.040550588653108,1.2644540441796008,3.0550656386510875,3.0301468193725882,1.3211941116748382,0.15040097162388782,3.026959774450836,2.034001218158149,2.04866987231573,1.2887579199845476,1.3656560570519531,0.23964489478958137,1.3718332350016669,2.052786973560952,2.0718649405901393,0.017850389129816464,4.057816178119336,3.065565711346277,2.008542192435691,3.0444952149865143,2.1370736535056345,2.0806401201530167,2.064831426067761,1.399570882229768,4.072897692205819,0.1472479913105165,5.058435753032347,3.0260621859017114,4.073054384688376
0.4807313147393736,0.3789812861607216,8,3.0619848214512233,1.147552153587531,5.026274985792721,1.1541046673007347,4.020106619184126,7.010935383029179,5.033347589561514,7.017153955476798,6.002840862460895,0.19155890158610173,3.036963075195773,0.0,5.048372126208959,8.0014672995987,5.03370861475956,2.0357589619167897,0.145079016869571,6.014142894478753,1.0896916829980436,3.029944490973347,3.069314888697784,8.01124157327423,7.017432495157951,6.00640240634334,5.040141113894514,3.0485070042438744,0.2932483884657048,8.002546095579197,4.028144262404085,8.004219246971394,5.044663422138422,1.0775971772737687,0.029244072341510673,2.016128734017813,8.005185367415697,1.1178843814552446,4.0387100564077025,8.00464210316138,4.020896737389515,5.023894026711962,2.0263205034107714,2.0219811004476953,4.021433604709927,8.010060098636021,4.0308700075345225,5.032073496498017,8.006171569954638,7.008698194347808,6.002458180790043,0.05625158732974049,5.0398612499830096,2.0489095353977635,3.045552592229097,2.036059152381302,3.0241225574815505,2.0094614235411727,3.0630053504602976,3.032565801072573,1.1076020699933655,5.041532392668158,7.014333263673016,2.0149732068751325,7.010437178902654,0.2288154283269693,3.018872019551407,2.0257252968703545,3.0541545231300438,0.34670962848965176,7.007408501536203,3.0709411566522715,5.017116413840195,0.2797118922339422,2.023721913207499,0.16085205382359266,6.010928204386973,2.037876618429474,3.018537434660271,6.002162135887847,1.1433146322466765,1.1378463941192174,2.0288233353605074,4.034953930064837,3.076137815389018,4.036515428724896,1.101676928726205,5.016605593171313,3.0356023626206876,7.0154788488788355,0.19948518959619985,1.099787400296813,6.005677546567,5.028263424509899,5.018397895096266,1.1951730539579308,4.033807673777679,7.013640058230847,3.0267056986716114,8.010779794179577,6.009036170631806,7.016076591714038
0.9389171411252146,0.9044590432377356,3,2.1012779576661518,4.020400495997012,0.21631313014293876,4.034791014694385,1.2793510642092332,2.276943807352942,0.22781701546391248,2.316716310817045,1.1541430857165746,5.077788763352588,2.1132902559202025,5.048372126208959,0.0,3.05433823109753,0.14640505798460002,3.1128449970379704,5.067105492873777,1.040913544084109,4.01119433829058,2.1682145440336456,2.1946292922608928,3.059589778052764,2.3280143738445127,1.0951316661889117,0.06353509414106222,2.2042350487828837,5.083138427262538,3.0642140129852216,1.18697246099897,3.0520496382766296,0.10927032590208284,4.02859648686797,5.045174124657507,3.123504778656083,3.081888631744357,4.0079724223050315,1.2499941627836608,3.0421770544450437,1.2847656816881095,0.20789481176945876,3.095875112437848,3.1001005380069633,1.2021456739209981,3.055736592510215,1.2472700970531923,0.14004062814187804,3.0379443834397346,2.237587281260317,1.1478994702596448,5.05066148264907,0.10998278174172425,3.132113901748661,2.1426000297730843,3.1758733384196876,2.1285452973923746,3.1120189067469375,2.172472669915372,2.186131296048724,4.022480345816746,0.08506533074128583,2.29516277583232,3.119375745054933,2.2656328695875,5.079324404297837,2.094167273634212,3.118143429541884,2.1422891253023475,5.089813115053272,2.242632927160149,2.1533997276595325,0.35161752541092084,5.087989851189642,3.137857387309794,5.072599009703609,1.0572838328150198,3.1374393082738212,2.088895863458715,1.1371737987168677,4.013057593003494,4.007128331874333,3.1300338397363143,1.2197674335217243,2.1888096168812265,1.2194218292930377,4.007886677905547,0.29680532135336374,2.11714941063233,2.3064210690646676,5.077402152163866,4.030860157962994,1.0977790218700245,0.3429286063590427,0.28603975390658476,4.005324603319332,1.3359714128816722,2.299093643263275,2.1451646861306655,3.048573226962744,1.070545043938078,2.3177966283709286
0.6275774758585887,0.4227437302408851,0,5.040034931724854,7.019623714106576,3.0233203437462137,7.023209745752369,4.014597115299674,1.1291441887086606,3.030942047845597,1.18784956266815,2.0107948500009614,8.007200240652242,5.027263327807641,8.0014672995987,3.05433823109753,0.0,3.0330142859133464,6.009740730066544,8.005559056236441,2.0231382936170608,7.0086027945823055,5.027917838989051,5.053031434088377,0.29540906556880653,1.1810967730579582,2.012023435388148,3.043057537236361,5.04180917068261,8.012202533566205,0.0991984311113661,4.015453809431013,0.12103263749513668,3.052483737817455,7.010771699872992,8.001310677395669,6.007696073472584,0.21639110662231723,7.012133224656602,4.025409530625465,0.12027111641906423,4.015401306431911,3.022778967875033,6.006223003190311,6.005836502860707,4.011572219327064,0.26882145775692345,4.0198800155896794,3.031687947348232,0.16159984138947056,1.1190131789789137,2.0080040464895816,8.002453543333825,3.040962302772535,6.014443521901794,5.03495461388188,6.018387229051942,5.021097858793661,6.00545815865762,5.047540300817233,5.030865933623397,7.014126493143452,3.04359261377018,1.1659016302919152,6.006995869369092,1.1332399226060355,8.009112091469818,5.014623931143682,6.008446683387693,5.039808049499951,8.01523206301933,1.104425822874707,5.0502083347082785,3.011634917100806,8.01170396360093,6.010668910968624,8.005284349541418,2.0176371493835408,6.012903690322821,5.013867314370755,2.003678175589715,7.0174045421872115,7.014972289226437,6.010398535784132,4.021454867356161,5.056350363556122,4.022533276960827,7.009337108808686,3.0127609026174667,5.026850621521016,1.1742726190042199,8.00607263670115,7.014505861271086,2.003665116237605,3.0239224116816015,3.0142381923258745,7.0229401331288654,4.026760497153161,1.1504676252079302,5.024095028662485,0.27465739985019183,2.015027040264519,1.1730408448139484
0.9208145888660891,0.7591774593904368,3,2.104951695965569,4.022506004562855,0.07345470869878441,4.036761651742583,1.1937461874744766,2.222321709597486,0.09632764985183637,2.266233236410709,1.1124745594989078,5.059366065017834,2.1053164323422955,5.03370861475956,0.14640505798460002,3.0330142859133464,0.0,3.0773095183176413,5.050894568030594,1.0204722463846836,4.007682648645882,2.1486582781789867,2.1885883181796335,3.0342798325645997,2.269567349502515,1.0631089881908877,0.09161729996801228,2.187507123144069,5.067595601588773,3.0391875006579934,1.1156420767253628,3.029307194484022,0.20419743242207855,4.0247038096558105,5.0313519630577215,3.0884793192147657,3.052238011952824,4.0068236647769195,1.169821022460899,3.02219538160451,1.1984612753648904,0.12303100980933361,3.0634381323594795,3.067247971344625,1.1275094111199906,3.031316662686233,1.1662461919301266,0.03631864109779018,3.0188024560854148,2.1959601292348627,1.1045945744134025,5.036543604745665,0.051222787006085124,3.093385773904858,2.134512148823077,3.134764951891758,2.1122638426814424,3.079471671767763,2.167323223631991,2.1647522214817996,4.021417104929272,0.06876715486912523,2.246298893405365,3.0849266665368216,2.218002545253661,5.062385720809859,2.0794431700973894,3.082448722477187,2.1378943723962998,5.074508593205548,2.1945094537805647,2.154124432917824,0.2072607174004018,5.070414131353182,3.10037579043295,5.053684346784493,1.0324073239208444,3.0985059312464065,2.0745302527283753,1.0905830567041208,4.014706717813817,4.007655130188478,3.092647215760906,1.1437989984517398,2.1863887814813383,1.1438289671636601,4.004750725445443,0.17392998453902692,2.1080675123902184,2.2557318001777595,5.057138686275769,4.028815299298695,1.0516439679084664,0.2039422057170343,0.15372071362184886,4.009773017363252,1.2437905592497536,2.2423036708790076,2.1277270794407332,3.0260003411089276,1.0430520271924033,2.2613622184315445
0.7372416153849244,0.09877240570320389,6,1.3935569461738184,1.3216776657650275,3.062235365777971,1.3535138906101398,2.000774141865613,5.024979834932436,3.0649261562154275,5.047268274298073,4.035480780764487,2.0482483884385414,1.309107626671985,2.0357589619167897,3.1128449970379704,6.009740730066544,3.0773095183176413,0.0,2.053220653602458,4.046848765159946,1.2043934065604154,1.2818086011364893,1.4344922284830772,6.005704719641449,5.034139602168632,4.039120974836079,3.0971935085560895,1.3563018661417106,2.093338656680065,6.005035963584426,2.0173361525666063,6.006560641679962,3.118877846540236,1.2381104901978883,2.039623471993594,0.19963647706931642,6.001464575286635,1.2388977961333256,2.017010440865827,6.0095656897843845,2.000756299167108,3.070809424310479,0.07080986137022144,0.08298373484575908,2.0095251041735525,6.005989278902489,2.009931265541736,3.0787546368289394,6.010512630808064,5.039127160633469,4.032240858267839,2.0462966515298793,3.087728601610036,0.07532817508745426,1.3473688580145262,0.3353779997749393,1.2563353387126488,0.23210702655248142,1.4124593578545437,1.2904940239943699,1.2721800060364592,3.0930463920640037,5.043265384500877,0.193031834642933,5.035775562610895,2.068809742993937,1.2237224389790082,0.08788699019261813,1.3786763122619938,2.1098526957554777,5.027052819691715,1.436611908097474,3.037990253340583,2.0786714484048714,0.19883859471330068,2.032580263028361,4.043152538244171,0.10512832397004149,1.2199134135271896,4.026293227184877,1.2974998557637203,1.2662572692340173,0.1178724643881237,2.017859212901206,1.4570300947343007,2.01955085955074,1.2048412882314574,3.0507420695276273,1.3045716408209203,5.043216981439837,2.026666111590966,1.2757355766981289,4.022180999542978,3.0455425595400047,3.0504768903360158,1.331228288043951,2.0052609992326778,5.027861628293196,1.2688262843591067,6.007960816084178,4.041522434972338,5.034869057253344
0.3407879674571104,0.3407218992435591,8,3.0643390954611402,1.1816235386634415,5.042011478970929,1.173718818986576,4.0309609104094895,7.00590632134119,5.051431695075183,7.008777583448252,6.005621081977169,0.07772638063173178,3.0357540932424936,0.145079016869571,5.067105492873777,8.005559056236441,5.050894568030594,2.053220653602458,0.0,6.0236412214688295,1.1366384183282066,3.021170658640698,3.058383523156051,8.019494465624367,7.0104795455596935,6.012137529437801,5.057599340548848,3.0354855318311085,0.1585846407193755,8.007115850441759,4.045668474968046,8.010077229945379,5.060925004768202,1.1007650707722096,0.1578166177387993,2.0207834253468,8.01011255730269,1.168715421523277,4.056889390494029,8.010888353094751,4.031744489969764,5.0376457996695425,2.044659998506007,2.0373464619204484,4.036309888905213,8.018071493713636,4.0468716496194705,5.048460646814799,8.01317448275926,7.0029736781208145,6.005771973198611,0.10960744457011501,5.058292269169827,2.065730945328368,3.0404000442968444,2.029691977006247,3.0205415178580033,2.0140438756010526,3.05466036142052,3.0216581927480073,1.1377129397255843,5.060020024598103,7.0067611790923605,2.020495602500011,7.004242113253207,0.08386324722426582,3.020518985972039,2.0373771107003082,3.0495127305391345,0.21353123363286958,7.002714040305954,3.065906267478595,5.030938867752579,0.13463940287421783,2.0272666093587923,0.11967198628318577,6.019147249168729,2.0486082666522076,3.021058976990721,6.006587245242497,1.186219942669018,1.1897773119042854,2.0379712287915717,4.053282748756419,3.066473164300288,4.055297559433251,1.1547313848748768,5.029241766245176,3.033763963317336,7.007684499144564,0.17269971922760421,1.1206054085112447,6.013451189766955,5.045627629958465,5.031893265243919,1.252784769163813,4.046186051613647,7.007906018396374,3.0208600296455255,8.019271014404318,6.0162997753494505,7.009099891601752
0.7228407723032505,0.7125944839922751,2,3.040447437774733,5.008621293052678,1.0132555004474488,5.015308960157827,2.086735767765862,1.2827835998834123,1.031824649777868,1.3323101581440555,0.2897637146414811,6.029715482986343,3.0360423261635683,6.014142894478753,1.040913544084109,2.0231382936170608,1.0204722463846836,4.046848765159946,6.0236412214688295,0.0,5.000544498889776,3.056078936368448,3.080574774212296,2.048669959988894,1.3492751712624795,0.16040401896871456,1.0259633534341726,3.077391121991075,6.032937070085367,2.035362574738267,2.061176985503411,2.0276401050115407,1.0332192801131377,5.006545442673734,6.012487338292454,4.04610127484925,2.057167293143329,5.001418949224114,2.0933122608976285,2.018964364266838,2.089458067326737,1.0035798655216157,4.036750318143657,4.03749857753312,2.0603047812629476,2.0428513154597603,2.0852384362324328,1.0153654311776208,2.0180943114857626,1.2296161131082506,0.2752576837347141,6.015050340246985,1.0303152311621748,4.058843914976749,3.0507780853380737,4.074029428341856,3.0378317389882414,4.039060747729164,3.0691594468155667,3.064489580295703,5.006215541240098,1.0315921485396355,1.3041002600153264,4.04397889678159,1.2654679760518484,6.030453835043001,3.0224744927032927,4.046543313697841,3.0537110429630343,6.037114580245279,1.2359903196596258,3.0643080447037736,1.0191002722163078,6.035483777164892,4.054520265429866,6.0272233473739725,0.05520668103256092,4.058319418116154,3.0203253593082606,0.25361306164416314,5.005304605961876,5.002673042569486,4.052614279542348,2.079063076500107,3.0806320847802793,2.0803438923696285,5.000338990901182,1.003816537624768,3.0370995579470446,1.3187847882246269,6.030368206392212,5.009169290945585,0.19476916192777977,1.0431586042861933,1.0066779527828746,5.007063191193411,2.120331722600835,1.3119879117057172,3.0454547462204618,2.037492565244635,0.09529158170157077,1.3350531706731248
0.6729028445752164,0.7669220897837232,7,2.0444932505812967,0.22009595326074108,4.006279232900552,0.3191233369457271,3.0709526324578125,6.055747722657275,4.012341369657161,6.064231832200593,5.008072269897248,1.1713856173002386,2.041527694168562,1.0896916829980436,4.01119433829058,7.0086027945823055,4.007682648645882,1.2043934065604154,1.1366384183282066,5.000544498889776,0.0,2.072512762550385,2.100412973772431,7.018855431555838,6.0701618903797945,5.0025185576591165,4.007681564936671,2.0999420782594456,1.1765625763105492,7.013162846771086,3.053594136011429,7.011044432965312,4.007384826322659,0.19728693771085462,1.0791805337036524,1.19217652270949,7.0206990316161475,0.0669182971141802,3.0781070839046745,7.008134624628028,3.073005947429068,4.001985582729452,1.1664145993759338,1.1673808995474724,3.0522841725739,7.016849981957934,3.0715209121754943,4.005770100719027,7.008066478056578,6.041918340588014,5.00767208565797,1.0911446652804597,4.010147567849994,1.2478429344197592,2.061047433688456,1.2843643940510303,2.046913701425914,1.164659734699186,2.084757971855465,2.0845911738581133,0.17823118315251138,4.010088336081101,6.058110747256356,1.1847861096602161,6.050248400893244,1.1694633850385945,2.026415768677417,1.1994402008972596,2.0638422619575922,1.1949376871352066,6.044881078464515,2.0766743965495507,4.0091120481754805,1.193902810762128,1.2229034029963495,1.1629385972925046,5.000677575565977,1.2421884453667031,2.023559840402668,5.007390422754675,0.16017974290368475,0.11165783989612693,1.2202683373041625,3.0673673603730305,2.0994254882398797,3.068418921963747,0.05338084678157483,4.003247083043258,2.0432691180237454,6.061553549860541,1.182246632034755,0.2371056850156023,5.006219610255527,4.016895446914755,4.004441808818042,0.22280153389954724,3.0967772826137874,6.062143708039339,2.0574559689119134,7.015124262017622,5.001093852312119,6.066594679810806
0.144725267177514,0.6391034774124277,5,0.3587334766751874,2.059872973282457,2.133419522020728,2.041785827959848,1.297239750989196,4.041026633656988,2.1658564994945073,4.031492887503331,3.01900163407818,3.0288537815828995,0.19973636794895605,3.029944490973347,2.1682145440336456,5.027917838989051,2.1486582781789867,1.2818086011364893,3.021170658640698,3.056078936368448,2.072512762550385,0.0,0.23860639340089848,5.067525379816724,4.050297611349515,3.0315782964271465,2.1505698286534165,0.11886560670074242,3.0113573015073447,5.03742480999148,1.3326354055213077,5.0420721266480815,2.1387530503949903,2.0321864800622724,3.027892774217662,1.1891619974161463,5.050410195903643,2.0837293464305935,1.396883698421471,5.040165283371031,1.3021594971275114,2.1069990435275656,1.2501836939107638,1.23247212107033,1.2988976857513568,5.063225788905744,1.3575984892600972,2.1378156006076043,5.044572910386994,4.014789321731685,3.022417350568489,3.022724776779936,2.1641649205867037,1.3205275691653207,0.17052387099683786,1.2157507082881855,0.10905073613002444,1.1601801625547,0.22649820581107674,0.04657544286217968,2.0456993971473962,2.1644205463908017,4.027468744447351,1.1871516602277143,4.024628286984016,3.0186246870317253,0.21730478391746352,1.2410153666468091,0.2240754705855825,3.0098870514587373,4.026473340086226,0.3017031075978483,2.122436957656147,3.0190420520821473,1.2138540223805383,3.03762853286463,3.0468861754783,1.2782068762126695,0.23553905823291402,3.0304296064051823,2.0733448870877416,2.089481854964722,1.2463663216939767,1.3739180650789427,0.2824477825532571,1.381355877255017,2.086953898729529,2.099945780261033,0.1819510800630392,4.031310305291558,3.046325625036486,2.0320531029390057,3.0535096092036373,2.1686900249860903,2.110051218033446,2.1156022113142483,1.3758814828491823,4.046144927035556,0.062195426478837496,5.063584122012822,3.0405123635842894,4.04465202488882
0.036896571321925586,0.8519554995354682,5,0.2832982342880474,2.0631589117975166,2.1781533704728204,2.0373313243620608,1.4488584726682958,4.080213111023864,2.2157872041191973,4.061970808927526,3.045416971893165,3.070814193959774,0.2336730225319217,3.069314888697784,2.1946292922608928,5.053031434088377,2.1885883181796335,1.4344922284830772,3.058383523156051,3.080574774212296,2.100412973772431,0.23860639340089848,0.0,5.103093445695826,4.090955332781379,3.0565074179349017,2.180953069103024,0.16176913432998744,3.040421231029222,5.067153903343207,1.4710828317168756,5.071338832718926,2.156415217173917,2.048900584288836,3.0653660377934617,1.3313229334510692,5.085574456493667,2.106481657395457,1.5480598296641128,5.067135432153489,1.4547993022576455,2.142283209674344,1.3950213810922154,1.376509109562737,1.4389047673443187,5.097497715739773,1.5076957451199196,2.1748432963933046,5.071817833384625,4.039978788541015,3.050723934670061,3.058675666912581,2.202014382727853,1.4808260883331898,0.14685075351474244,1.3653624003404932,0.2711597012944029,1.2946990563740053,0.05540051461174969,0.24714268988283755,2.056883050867688,2.1996764825273547,4.057352559076793,1.3283362670144192,4.055124764252696,3.0541143316973285,0.35657181564352336,1.3904273190646828,0.13583298959885678,3.036084334092743,4.059528233648171,0.13726526718721896,2.178534911642956,3.0540301532991667,1.3621300446312357,3.0838893207235496,3.0717215109144993,1.4354685489297265,0.37123382619490625,3.062592030514031,2.08306366436013,2.107770936169508,1.3985929140841715,1.519531427995006,0.0545930418863549,1.526959638412301,2.116994606788827,2.14470020075315,0.2284681052591714,4.062767674934694,3.0965680944532705,2.041459991591188,3.090621287707739,2.2298528293421587,2.1567383152774604,2.125627075681183,1.5385135355545076,4.08664392375876,0.24761741377039903,5.096652850635582,3.065255590564282,4.0831517916170155
